14827 999
14840 888
14840 999
14851 777
14851 888
14851 999
14861 888
14861 999
14874 777
14874 888
14874 999
14883 888
14883 999
14907 888
14907 999
14918 999
14929 777
14929 888
14929 999
14952 999
14963 999
14972 999
14983 888
14983 999
14995 999
15006 888
15006 999
15020 888
15041 888
15076 888
15088 888
15098 999
15109 888
15120 888
15143 777
15143 888
15143 999
15153 777
15153 888
15153 999
15165 888
15175 888
15185 888
15195 888
15195 999
15204 888
15214 999
15226 999
15239 999
15250 888
15250 999
15263 888
15263 999
15275 777
15275 888
15275 999
15285 777
15285 888
15285 999
15294 999
15305 999
15316 999
15330 888
15342 888
15354 777
15354 888
15364 888
15364 999
15374 888
15384 888
15384 999
15394 777
15394 888
15407 888
15418 888
15428 777
15428 888
15437 888
15448 888
15460 888
15471 777
15471 888
15482 888
15482 999
15493 888
15503 888
15503 999
15513 888
15524 777
15524 888
15536 777
15536 888
15536 999
15546 888
15558 888
15569 888
15580 888
15580 999
15602 777
15602 888
15602 999
15612 777
15612 888
15612 999
15624 888
15624 999
