0 777 0 244208
0 888 0 244208
0 999 0 244208
9 777 0 454864
9 888 0 451264
9 999 0 451968
13 777 0 554912
13 888 0 554912
13 999 0 554912
18 777 0 736304
18 888 0 737648
18 999 0 739040
24 777 0 225120
24 888 0 225840
24 999 0 223712
26 777 0 326672
26 888 0 326672
26 999 0 326672
28 777 0 206400
28 888 0 207088
28 999 0 207088
30 777 0 434928
30 888 0 434928
30 999 0 434928
35 777 0 522048
35 888 0 522048
35 999 0 522048
46 777 0 680896
46 888 0 681584
46 999 0 680224
53 777 0 155616
53 888 0 155616
53 999 0 155616
56 777 0 523456
56 888 0 522784
56 999 0 525488
71 777 0 478416
71 888 0 478416
71 999 0 478416
76 777 0 214608
76 888 0 213920
76 999 0 214608
77 777 0 756256
77 888 0 756992
77 999 0 756992
82 777 0 1254064
82 888 0 1254064
82 999 0 1254064
87 777 0 220560
87 888 0 219120
87 999 0 220560
96 777 0 763456
96 888 0 763456
96 999 0 763456
100 777 0 960752
100 888 0 960752
100 999 0 960752
104 777 0 276960
104 888 0 276960
104 999 0 276960
110 777 0 444752
110 888 0 445456
110 999 0 445472
119 777 0 812048
119 888 0 812048
119 999 0 812048
121 777 0 798416
121 888 0 798416
121 999 0 798416
142 777 0 802704
142 888 0 802704
142 999 0 802704
144 777 0 671616
144 888 0 672304
144 999 0 672304
149 777 0 256096
149 888 0 255408
149 999 0 256096
151 777 0 207120
151 888 0 208544
151 999 0 208544
159 777 0 489808
159 888 0 488368
159 999 0 488384
162 777 0 774688
162 888 0 776064
162 999 0 776752
164 777 0 961056
164 888 0 963808
164 999 0 963104
182 777 0 186048
182 888 0 186048
182 999 0 186048
184 777 0 769200
184 888 0 769200
184 999 0 769200
185 777 0 776800
185 888 0 776800
185 999 0 776800
200 777 0 269520
200 888 0 267360
200 999 0 268800
202 777 0 960352
202 888 0 960352
202 999 0 961040
205 777 0 466192
205 888 0 466176
205 999 0 466192
216 777 0 243792
216 888 0 242368
216 999 0 243088
218 777 0 493760
218 888 0 493056
218 999 0 492352
223 777 0 192288
223 888 0 190848
223 999 0 190128
227 777 0 978192
227 888 0 978912
227 999 0 977456
228 777 0 537856
228 888 0 535104
228 999 0 534416
235 777 0 983296
235 888 0 983296
235 999 0 983296
239 777 0 173232
239 888 0 173232
239 999 0 173232
240 777 0 178448
240 888 0 179184
240 999 0 177728
248 777 0 516176
248 888 0 513424
248 999 0 517568
261 777 0 1032016
261 888 0 1032016
261 999 0 1032016
281 777 0 810256
281 888 0 810256
281 999 0 810256
286 777 0 674432
286 888 0 674432
286 999 0 674432
291 777 0 464688
291 888 0 465408
291 999 0 468992
308 777 0 506144
308 888 0 506144
308 999 0 507552
312 777 0 470848
312 888 0 471536
312 999 0 471536
319 777 0 206448
319 888 0 205760
319 999 0 206448
328 777 0 500432
328 888 0 501168
328 999 0 501888
332 777 0 446960
332 888 0 444832
332 999 0 446976
340 777 0 466528
340 888 0 462400
340 999 0 460336
346 777 0 515680
346 888 0 515680
346 999 0 515680
349 777 0 441936
349 888 0 443360
354 777 0 221552
354 888 0 222272
361 777 0 1030400
361 888 0 1030400
372 777 0 498592
372 888 0 497232
374 777 0 1065648
374 888 0 1065648
377 777 0 969200
377 888 0 969200
379 777 0 286064
379 888 0 287472
384 777 0 749056
384 888 0 749056
389 777 0 609024
389 888 0 609024
394 777 0 715104
394 888 0 716464
394 999 0 714416
395 777 0 518384
395 888 0 516960
395 999 0 519088
399 777 0 537280
399 888 0 537280
399 999 0 537280
405 777 0 326064
405 888 0 326752
405 999 0 325376
407 777 0 188080
407 888 0 188080
407 999 0 188080
433 777 0 467024
433 888 0 467024
433 999 0 467024
434 777 0 686416
434 888 0 687104
434 999 0 687104
451 777 0 487568
451 888 0 486848
451 999 0 486864
457 777 0 474768
457 888 0 474064
457 999 0 472016
464 777 0 466768
464 888 0 466768
464 999 0 466768
475 777 0 438816
475 888 0 437376
475 999 0 440256
477 777 0 813584
477 888 0 813584
477 999 0 813584
479 777 0 300944
479 888 0 304368
479 999 0 303680
485 777 0 287680
485 888 0 287696
485 999 0 289072
507 777 0 504224
507 888 0 504224
507 999 0 504224
510 777 0 494256
510 888 0 494272
510 999 0 493568
515 777 0 506752
515 888 0 507456
515 999 0 505344
517 777 0 476960
517 888 0 476960
517 999 0 479024
523 777 0 774896
523 888 0 774896
523 999 0 774896
526 777 0 690336
526 888 0 691776
526 999 0 689616
537 777 0 265520
537 888 0 267696
537 999 0 266240
548 777 0 499632
548 888 0 499632
548 999 0 499632
551 777 0 754960
551 888 0 755648
551 999 0 754960
559 777 0 500624
559 888 0 502720
559 999 0 503408
568 777 0 508432
568 888 0 508432
568 999 0 509120
577 777 0 737248
577 888 0 738608
577 999 0 736560
580 777 0 233344
580 888 0 230528
580 999 0 236256
583 777 0 263408
583 888 0 264096
583 999 0 264096
603 777 0 221600
603 888 0 221600
603 999 0 220160
604 777 0 723120
604 888 0 723120
604 999 0 723120
616 777 0 756848
616 888 0 756848
616 999 0 758240
620 777 0 190704
620 888 0 190704
620 999 0 190704
623 777 0 806240
623 888 0 806240
623 999 0 806240
632 777 0 178768
632 888 0 178768
632 999 0 178768
634 777 0 473200
634 888 0 475328
634 999 0 473200
642 777 0 289040
642 888 0 289712
642 999 0 290400
644 777 0 722768
644 888 0 722768
644 999 0 722768
649 777 0 372768
649 888 0 372768
649 999 0 372768
661 777 0 255632
661 888 0 255632
661 999 0 255632
668 777 0 506096
668 888 0 506096
668 999 0 506096
673 777 0 476960
673 888 0 476240
673 999 0 475520
682 777 0 1232624
682 888 0 1232624
682 999 0 1232624
688 777 0 1185312
688 888 0 1186000
688 999 0 1185312
689 777 0 582096
689 888 0 582096
689 999 0 583456
694 777 0 448304
694 888 0 448304
694 999 0 448304
695 777 0 984656
695 888 0 984656
695 999 0 984656
700 777 0 417728
700 888 0 417040
700 999 0 419104
703 777 0 728832
703 888 0 728832
713 777 0 490608
713 888 0 490608
742 777 0 1211424
742 888 0 1211424
759 777 0 289664
759 888 0 289664
764 777 0 706880
764 888 0 706880
772 777 0 194032
772 888 0 193328
779 777 0 286512
779 888 0 286512
784 777 0 756864
784 888 0 756864
784 999 0 756864
790 777 0 724480
790 888 0 723120
790 999 0 725840
797 777 0 482656
797 888 0 481936
797 999 0 481920
812 777 0 424304
812 888 0 424304
812 999 0 424304
829 777 0 570608
829 888 0 570608
829 999 0 570608
832 777 0 144416
832 888 0 143744
832 999 0 145104
858 777 0 208000
858 888 0 207296
858 999 0 205152
863 777 0 498688
863 888 0 498688
863 999 0 498688
871 777 0 520144
871 888 0 520144
871 999 0 520144
876 777 0 461904
876 888 0 461920
876 999 0 461184
882 777 0 235088
882 888 0 235088
882 999 0 235088
891 777 0 462752
891 888 0 462752
891 999 0 462752
896 777 0 676720
896 888 0 676032
896 999 0 676016
898 777 0 502768
898 888 0 503472
898 999 0 503488
902 777 0 273984
902 888 0 273280
902 999 0 273280
903 777 0 557760
903 888 0 557072
903 999 0 559120
921 777 0 539056
921 888 0 539056
921 999 0 539056
925 777 0 725216
925 888 0 725216
925 999 0 724512
934 777 0 183936
934 888 0 183936
934 999 0 183936
938 777 0 775296
938 888 0 774608
938 999 0 774608
942 777 0 833056
942 888 0 833056
942 999 0 833056
945 777 0 1202064
945 888 0 1202048
945 999 0 1204800
949 777 0 328960
949 888 0 328960
949 999 0 328960
967 777 0 517264
967 888 0 517264
967 999 0 517264
978 777 0 515168
978 888 0 517264
978 999 0 517984
981 777 0 537040
981 888 0 537040
981 999 0 537040
987 777 0 532464
987 888 0 529712
987 999 0 526304
1003 777 0 234320
1003 888 0 233616
1003 999 0 234320
1012 777 0 230000
1012 888 0 230000
1012 999 0 230000
1018 777 0 473248
1018 888 0 473248
1018 999 0 473248
1022 777 0 521616
1022 888 0 521616
1022 999 0 521616
1028 777 0 199312
1028 888 0 199312
1028 999 0 199312
1029 777 0 492112
1029 888 0 492784
1029 999 0 492784
1030 777 0 522048
1030 888 0 522048
1030 999 0 522048
1037 777 0 723808
1037 888 0 723808
1037 999 0 723808
1040 777 0 605216
1040 888 0 605216
1040 999 0 605216
1045 777 0 702912
1045 888 0 702224
1045 999 0 702912
1047 777 0 503168
1047 888 0 504544
1047 999 0 503168
1056 777 0 425136
1056 888 0 425136
1056 999 0 425136
1057 777 0 180768
1057 888 0 180768
1057 999 0 180768
1062 777 0 1244960
1062 888 0 1244960
1062 999 0 1244960
1090 777 0 281968
1090 888 0 279856
1090 999 0 276304
1092 777 0 441056
1092 888 0 441744
1092 999 0 441744
1093 777 0 1008352
1093 888 0 1008352
1093 999 0 1008352
1096 777 0 711808
1096 888 0 711088
1096 999 0 713264
1109 777 0 453456
1109 888 0 453424
1109 999 0 454176
1123 777 0 274064
1123 888 0 273344
1123 999 0 273344
1132 777 0 461696
1132 888 0 461696
1132 999 0 461696
1139 777 0 770384
1139 888 0 771072
1139 999 0 772448
1146 777 0 225648
1146 888 0 225648
1146 999 0 225648
1151 777 0 261488
1151 888 0 261264
1151 999 0 262176
1152 777 0 285136
1152 888 0 285136
1152 999 0 285136
1160 777 0 1481664
1160 888 0 1481664
1160 999 0 1481664
1173 777 0 781248
1173 888 0 781248
1173 999 0 781248
1183 777 0 184192
1183 888 0 183456
1183 999 0 184192
1195 777 0 1029968
1195 888 0 1029968
1195 999 0 1029968
1196 777 0 753664
1196 888 0 753664
1196 999 0 753664
1204 777 0 285008
1204 888 0 285008
1204 999 0 286448
1210 777 0 500896
1210 888 0 500896
1210 999 0 500896
1223 777 0 692080
1223 888 0 692080
1223 999 0 690032
1233 777 0 499984
1233 888 0 502816
1233 999 0 504224
1242 777 0 445072
1242 888 0 445072
1242 999 0 445072
1251 777 0 547328
1251 888 0 548720
1251 999 0 545952
1266 777 0 446464
1266 888 0 447168
1266 999 0 447152
1267 777 0 778352
1267 888 0 778352
1267 999 0 778352
1268 777 0 495296
1268 888 0 493168
1268 999 0 491040
1269 777 0 504096
1269 888 0 504096
1269 999 0 503408
1274 777 0 541680
1274 888 0 541680
1274 999 0 541680
1277 777 0 1217856
1277 888 0 1217856
1277 999 0 1217856
1291 777 0 124112
1291 888 0 124112
1291 999 0 124112
1293 777 0 548368
1293 888 0 548368
1293 999 0 548368
1316 777 0 963200
1316 888 0 963200
1316 999 0 963200
1322 777 0 498752
1322 888 0 499440
1322 999 0 498752
1324 777 0 445248
1324 888 0 446656
1324 999 0 445248
1329 777 0 178352
1329 888 0 178352
1329 999 0 178352
1332 777 0 832928
1332 888 0 832928
1332 999 0 832928
1347 777 0 750224
1347 888 0 750944
1347 999 0 749536
1350 777 0 334944
1350 888 0 335648
1350 999 0 332800
1359 777 0 320224
1359 888 0 317344
1359 999 0 317344
1361 777 0 1243344
1361 888 0 1243344
1361 999 0 1243344
1365 777 0 281616
1365 888 0 281616
1365 999 0 281616
1373 777 0 688128
1373 888 0 686752
1373 999 0 688128
1374 777 0 740384
1374 888 0 740384
1374 999 0 740384
1380 777 0 219616
1380 888 0 219616
1380 999 0 218240
1381 777 0 192384
1381 888 0 192384
1381 999 0 192384
1382 777 0 573760
1382 888 0 573744
1382 999 0 575120
1384 777 0 216944
1384 888 0 215520
1384 999 0 214800
1393 777 0 454944
1393 888 0 454944
1393 999 0 454944
1417 777 0 756496
1417 888 0 756496
1417 999 0 756496
1428 777 0 765344
1428 888 0 765344
1428 999 0 765344
1432 777 0 493472
1432 888 0 490640
1432 999 0 489920
1435 777 0 220608
1435 888 0 220608
1435 999 0 220608
1447 777 0 282240
1447 888 0 281536
1447 999 0 283680
1456 777 0 690288
1456 888 0 689616
1456 999 0 688944
1460 777 0 719520
1460 888 0 716768
1460 999 0 719520
1465 777 0 428064
1465 888 0 425216
1465 999 0 425216
1491 777 0 780224
1491 888 0 780960
1491 999 0 781648
1508 777 0 474064
1508 888 0 474064
1508 999 0 474064
1509 777 0 446896
1509 888 0 446896
1509 999 0 446896
1514 777 0 732368
1514 888 0 732384
1514 999 0 731696
1521 777 0 500832
1521 888 0 501504
1521 999 0 500832
1522 777 0 190176
1522 888 0 189456
1522 999 0 190176
1532 777 0 277200
1532 888 0 278608
1532 999 0 278608
1536 777 0 509312
1536 888 0 507936
1536 999 0 506560
1541 777 0 714336
1541 888 0 713664
1541 999 0 714336
1542 777 0 166176
1542 888 0 164768
1542 999 0 166176
1546 777 0 186192
1546 888 0 188336
1546 999 0 186912
1547 777 0 491904
1547 888 0 491904
1547 999 0 487664
1551 777 0 448576
1551 888 0 448576
1551 999 0 448560
1567 777 0 494368
1567 888 0 493664
1567 999 0 495088
1572 777 0 504464
1572 888 0 500144
1572 999 0 501568
1573 777 0 768224
1573 888 0 768224
1573 999 0 768224
1577 777 0 962320
1577 888 0 960288
1577 999 0 961648
1588 777 0 583216
1588 888 0 583216
1588 999 0 583216
1598 777 0 471616
1598 888 0 470928
1598 999 0 472992
1600 777 0 228688
1600 888 0 230112
1600 999 0 229408
1603 777 0 600432
1603 888 0 600432
1603 999 0 600432
1610 777 0 216048
1610 888 0 215376
1610 999 0 217424
1613 777 0 602048
1613 888 0 602048
1613 999 0 602048
1615 777 0 281920
1615 888 0 281920
1615 999 0 281920
1621 777 0 1017600
1621 888 0 1017600
1621 999 0 1017600
1625 777 0 543808
1625 888 0 543808
1625 999 0 543808
1629 777 0 222544
1629 888 0 222544
1629 999 0 222544
1638 777 0 556848
1638 888 0 554784
1638 999 0 555472
1639 777 0 570304
1639 888 0 570304
1639 999 0 570304
1641 777 0 914352
1641 888 0 914352
1641 999 0 914352
1645 777 0 280192
1645 888 0 280192
1645 999 0 278816
1646 777 0 1215840
1646 888 0 1215840
1646 999 0 1215840
1653 777 0 946096
1653 888 0 944032
1653 999 0 946112
1655 777 0 186928
1655 888 0 187632
1655 999 0 188352
1656 777 0 713424
1656 888 0 711264
1656 999 0 711984
1660 777 0 488624
1660 888 0 488624
1660 999 0 488624
1679 777 0 789520
1679 888 0 789520
1679 999 0 789520
1683 777 0 790688
1683 888 0 790704
1683 999 0 790000
1686 777 0 506848
1686 888 0 504768
1686 999 0 506144
1697 777 0 514000
1697 888 0 515376
1697 999 0 514688
1698 777 0 952400
1698 888 0 953072
1698 999 0 953776
1699 777 0 751552
1699 888 0 751552
1699 999 0 751552
1709 777 0 505712
1709 888 0 505712
1709 999 0 505712
1712 777 0 423520
1712 888 0 423504
1712 999 0 422144
1717 777 0 172576
1717 888 0 170416
1717 999 0 171136
1726 777 0 509808
1726 888 0 509808
1726 999 0 509808
1727 777 0 446368
1727 888 0 444224
1727 999 0 446368
1744 777 0 502272
1744 888 0 502272
1744 999 0 502272
1747 777 0 760800
1747 888 0 760800
1747 999 0 760800
1749 777 0 778160
1749 888 0 778160
1749 999 0 778160
1762 777 0 744688
1762 888 0 744688
1762 999 0 744688
1764 777 0 747888
1764 888 0 747888
1764 999 0 747888
1769 777 0 538240
1769 888 0 538240
1769 999 0 538240
1779 777 0 286144
1779 888 0 286144
1779 999 0 286144
1786 777 0 777200
1786 888 0 777200
1786 999 0 777200
1787 777 0 715040
1787 888 0 715056
1787 999 0 714336
1802 777 0 195520
1802 888 0 197680
1802 999 0 197680
1806 777 0 559744
1806 888 0 559744
1806 999 0 559744
1834 777 0 982688
1834 888 0 982688
1834 999 0 982688
1848 777 0 1236448
1848 888 0 1236448
1848 999 0 1236448
1871 777 0 444832
1871 888 0 444832
1871 999 0 446864
1889 777 0 535920
1889 888 0 535248
1889 999 0 535232
1891 777 0 348208
1891 888 0 348208
1891 999 0 348208
1893 777 0 540704
1893 888 0 540704
1893 999 0 540704
1894 777 0 436736
1894 888 0 436736
1894 999 0 436736
1902 777 0 735104
1902 888 0 735104
1902 999 0 735104
1909 777 0 968736
1909 888 0 968736
1909 999 0 968736
1910 777 0 530240
1910 888 0 530976
1910 999 0 530960
1918 777 0 483568
1918 888 0 483568
1918 999 0 483568
1922 777 0 292192
1922 888 0 292192
1922 999 0 292192
1926 777 0 798640
1926 888 0 798640
1926 999 0 798640
1933 777 0 509424
1933 888 0 510144
1933 999 0 509424
1949 777 0 255760
1949 888 0 255024
1949 999 0 255024
1961 777 0 761888
1961 888 0 761200
1961 999 0 758480
1972 777 0 490992
1972 888 0 490304
1972 999 0 490304
1980 777 0 241776
1980 888 0 243200
1980 999 0 242480
1991 777 0 780512
1991 888 0 780512
1991 999 0 780512
2006 777 0 983792
2006 888 0 984496
2006 999 0 981648
2008 777 0 932192
2008 888 0 932896
2008 999 0 932896
2018 777 0 793472
2018 888 0 793472
2018 999 0 794144
2021 777 0 548464
2021 888 0 548464
2021 999 0 548464
2025 777 0 466976
2025 888 0 465600
2025 999 0 462144
2026 777 0 499024
2026 888 0 499024
2026 999 0 499696
2027 777 0 451744
2027 888 0 453904
2027 999 0 453184
2062 777 0 512768
2062 888 0 512080
2062 999 0 511360
2074 777 0 815552
2074 888 0 815552
2074 999 0 815552
2079 777 0 452800
2079 888 0 452800
2079 999 0 454224
2083 777 0 959232
2083 888 0 959952
2083 999 0 959952
2088 777 0 556768
2088 888 0 556768
2088 999 0 556768
2090 777 0 483584
2090 888 0 483584
2090 999 0 483584
2107 777 0 996192
2107 888 0 996192
2107 999 0 996192
2114 777 0 706128
2114 888 0 706128
2114 999 0 706128
2119 777 0 736656
2119 888 0 736656
2119 999 0 736656
2122 777 0 767728
2122 888 0 767728
2122 999 0 767728
2123 777 0 783904
2123 888 0 783200
2123 999 0 781760
2124 777 0 273648
2124 888 0 273648
2124 999 0 273648
2127 777 0 552624
2127 888 0 552624
2127 999 0 552624
2129 777 0 955440
2129 888 0 955440
2129 999 0 955440
2142 777 0 1031984
2142 888 0 1031984
2142 999 0 1031984
2156 777 0 710848
2156 888 0 710128
2156 999 0 710848
2163 777 0 746720
2163 888 0 744672
2163 999 0 746032
2164 777 0 275200
2164 888 0 272432
2164 999 0 272416
2168 777 0 597072
2168 888 0 597072
2168 999 0 597072
2178 777 0 562224
2178 888 0 562224
2178 999 0 562224
2180 777 0 497168
2180 888 0 492880
2180 999 0 499312
2182 777 0 258272
2182 888 0 258272
2182 999 0 258272
2185 777 0 505840
2185 888 0 507888
2185 999 0 508592
2187 777 0 736064
2187 888 0 734672
2187 999 0 733984
2192 777 0 702064
2192 888 0 702736
2192 999 0 703424
2193 777 0 702368
2193 888 0 702368
2193 999 0 702368
2202 777 0 827728
2202 888 0 827728
2202 999 0 827728
2205 777 0 228752
2205 888 0 229472
2205 999 0 230912
2210 777 0 1028880
2210 888 0 1028192
2210 999 0 1026816
2214 777 0 693360
2214 888 0 693360
2214 999 0 693360
2220 777 0 239040
2220 888 0 239040
2220 999 0 239040
2226 777 0 468160
2226 888 0 468160
2226 999 0 468160
2232 777 0 178560
2232 888 0 178560
2232 999 0 178560
2236 777 0 742704
2236 888 0 742704
2236 999 0 742704
2246 777 0 1006096
2246 888 0 1006096
2246 999 0 1006096
2252 777 0 745328
2252 888 0 744608
2252 999 0 744608
2254 777 0 754992
2254 888 0 754992
2254 999 0 756368
2257 777 0 557440
2257 888 0 556752
2257 999 0 560192
2279 777 0 162656
2279 888 0 162656
2279 999 0 162656
2283 777 0 435952
2283 888 0 435952
2283 999 0 434528
2284 777 0 504080
2284 888 0 504080
2284 999 0 504080
2290 777 0 322000
2290 888 0 322000
2290 999 0 322000
2295 777 0 774896
2295 888 0 774896
2295 999 0 774896
2308 777 0 435104
2308 888 0 432224
2308 999 0 433664
2309 777 0 467520
2309 888 0 468912
2309 999 0 468912
2311 777 0 215392
2311 888 0 215392
2311 999 0 216784
2315 777 0 683632
2315 888 0 683632
2315 999 0 684320
2319 777 0 333920
2319 888 0 333920
2319 999 0 333920
2327 777 0 504672
2327 888 0 504672
2327 999 0 504672
2328 777 0 224720
2328 888 0 223296
2328 999 0 224736
2330 777 0 731248
2330 888 0 732624
2330 999 0 732624
2345 777 0 199952
2345 888 0 199952
2345 999 0 199952
2346 777 0 526032
2346 888 0 525312
2346 999 0 525312
2353 777 0 757472
2353 888 0 757456
2353 999 0 758160
2356 777 0 483488
2356 888 0 482800
2356 999 0 482800
2361 777 0 175248
2361 888 0 175248
2361 999 0 175248
2366 777 0 516400
2366 888 0 512992
2366 999 0 512992
2368 777 0 483696
2368 888 0 485072
2368 999 0 480256
2371 777 0 502784
2371 888 0 502784
2371 999 0 503504
2372 777 0 747616
2372 888 0 747648
2372 999 0 748992
2383 777 0 525296
2383 888 0 525296
2383 999 0 525296
2385 777 0 432608
2385 888 0 432608
2385 999 0 432608
2388 777 0 281872
2388 888 0 281872
2388 999 0 281872
2398 777 0 320368
2398 888 0 320368
2398 999 0 320368
2414 777 0 241200
2414 888 0 241200
2414 999 0 241200
2453 777 0 184624
2453 888 0 184624
2453 999 0 184624
2462 777 0 1244144
2462 888 0 1245584
2462 999 0 1246288
2466 777 0 383456
2466 888 0 383456
2466 999 0 383456
2491 777 0 236416
2491 888 0 237120
2491 999 0 238544
2497 777 0 818592
2497 888 0 818592
2497 999 0 818592
2510 777 0 946112
2510 888 0 947472
2510 999 0 946112
2518 777 0 150912
2518 888 0 150912
2518 999 0 150912
2522 777 0 483520
2522 888 0 483520
2522 999 0 483520
2555 777 0 268224
2555 888 0 268928
2555 999 0 268928
2560 777 0 264384
2560 888 0 264384
2560 999 0 264384
2581 777 0 1223744
2581 888 0 1223744
2581 999 0 1225104
2582 777 0 229008
2582 888 0 229008
2582 999 0 229008
2587 777 0 701456
2587 888 0 701456
2587 999 0 701456
2600 777 0 710576
2600 888 0 711296
2600 999 0 709856
2601 777 0 1248640
2601 888 0 1248640
2601 999 0 1248640
2603 777 0 784928
2603 888 0 784928
2603 999 0 784928
2609 777 0 234992
2609 888 0 234992
2609 999 0 234992
2632 777 0 1035152
2632 888 0 1035152
2632 999 0 1035152
2638 777 0 509920
2638 888 0 509920
2638 999 0 509920
2648 777 0 555472
2648 888 0 558912
2648 999 0 556848
2659 777 0 283648
2659 888 0 283648
2659 999 0 283648
2662 777 0 505136
2662 888 0 505136
2662 999 0 505136
2665 777 0 717120
2665 888 0 717120
2665 999 0 718496
2666 777 0 587536
2666 888 0 587536
2666 999 0 587536
2671 777 0 471600
2671 888 0 471600
2671 999 0 469520
2682 777 0 494384
2682 888 0 492320
2682 999 0 495744
2684 777 0 737168
2684 888 0 737168
2684 999 0 737168
2690 777 0 177184
2690 888 0 175728
2690 999 0 177184
2696 777 0 287696
2696 888 0 287696
2696 999 0 287696
2699 777 0 803824
2699 888 0 803824
2699 999 0 803824
2705 777 0 743072
2705 888 0 743072
2705 999 0 743072
2708 777 0 311008
2708 888 0 308272
2708 999 0 306224
2713 777 0 255392
2713 888 0 255392
2713 999 0 255392
2722 777 0 554480
2722 888 0 554480
2722 999 0 554480
2729 777 0 588768
2729 888 0 588768
2729 999 0 588768
2731 777 0 685984
2731 888 0 683920
2731 999 0 683920
2744 777 0 469552
2744 888 0 469552
2744 999 0 470240
2769 777 0 968448
2769 888 0 968448
2769 999 0 968448
2773 777 0 440624
2773 888 0 440624
2773 999 0 440624
2780 777 0 562128
2780 888 0 562128
2780 999 0 562128
2782 777 0 722400
2782 888 0 722400
2782 999 0 722400
2785 777 0 241600
2785 888 0 241600
2785 999 0 240880
2789 777 0 488736
2789 888 0 488736
2789 999 0 488736
2804 777 0 1027184
2804 888 0 1027184
2804 999 0 1027184
2808 777 0 299040
2808 888 0 295472
2808 999 0 291936
2810 777 0 492864
2810 888 0 492176
2810 999 0 495616
2812 777 0 162256
2812 888 0 162256
2812 999 0 162256
2813 777 0 771536
2813 888 0 771536
2813 999 0 771536
2814 777 0 746480
2814 888 0 746480
2814 999 0 746480
2823 777 0 504912
2823 888 0 501408
2823 999 0 504176
2827 777 0 483584
2827 888 0 483584
2827 999 0 482864
2835 777 0 284928
2835 888 0 284928
2835 999 0 284208
2837 777 0 450816
2837 888 0 450816
2837 999 0 451536
2840 777 0 425984
2840 888 0 425984
2840 999 0 425984
2843 777 0 536608
2843 888 0 534544
2843 999 0 535920
2844 777 0 218192
2844 888 0 219568
2844 999 0 218192
2855 777 0 583664
2855 888 0 583664
2855 999 0 583664
2864 777 0 273376
2864 888 0 273376
2864 999 0 273376
2867 777 0 234816
2867 888 0 237680
2867 999 0 235536
2868 777 0 291696
2868 888 0 293088
2868 999 0 292384
2879 777 0 496752
2879 888 0 496752
2879 999 0 496752
2886 777 0 559744
2886 888 0 559744
2886 999 0 559744
2899 777 0 548448
2899 888 0 548448
2899 999 0 548448
2904 777 0 501424
2904 888 0 500736
2904 999 0 499360
2905 777 0 457632
2905 888 0 457632
2905 999 0 457632
2907 777 0 424544
2907 888 0 424544
2907 999 0 424544
2908 777 0 445536
2908 888 0 447648
2908 999 0 446944
2909 777 0 746256
2909 888 0 746256
2909 999 0 742816
2914 777 0 751632
2914 888 0 751632
2914 999 0 751632
2928 777 0 745504
2928 888 0 745504
2928 999 0 745504
2930 777 0 758112
2930 888 0 758112
2930 999 0 758800
2935 777 0 492848
2935 888 0 492144
2935 999 0 492144
2945 777 0 718144
2945 888 0 715984
2945 999 0 716704
2955 777 0 545936
2955 888 0 545936
2959 777 0 680528
2959 888 0 679856
2959 999 0 682608
2975 777 0 756864
2975 888 0 756864
2986 777 0 999968
2986 888 0 999968
3002 777 0 726576
3002 888 0 727264
3006 777 0 174176
3006 888 0 174880
3006 999 0 174160
3018 777 0 244048
3018 888 0 244048
3027 777 0 270672
3027 888 0 272752
3030 777 0 536816
3030 888 0 536816
3040 777 0 170672
3040 888 0 170672
3047 777 0 544320
3047 888 0 544320
3049 777 0 528672
3049 888 0 528672
3056 777 0 179968
3056 888 0 179232
3056 999 0 179232
3057 777 0 473328
3057 888 0 473328
3058 777 0 747248
3058 888 0 746512
3071 777 0 154176
3071 888 0 154176
3071 999 0 154176
3085 777 0 253152
3085 888 0 253152
3088 777 0 994032
3088 888 0 990464
3098 777 0 558400
3098 888 0 557024
3099 777 0 508608
3099 888 0 512736
3101 777 0 685664
3101 888 0 684976
3111 777 0 233296
3111 888 0 233296
3111 999 0 233296
3122 777 0 496608
3122 888 0 496608
3122 999 0 496608
3138 777 0 243456
3138 888 0 243456
3138 999 0 243456
3139 777 0 460736
3139 888 0 459296
3139 999 0 460736
3148 777 0 487104
3148 888 0 488496
3148 999 0 489216
3154 777 0 506016
3154 888 0 506016
3154 999 0 506016
3174 777 0 813744
3174 888 0 813744
3174 999 0 813744
3182 777 0 254896
3182 888 0 254208
3182 999 0 255584
3193 777 0 493824
3193 888 0 493824
3193 999 0 493824
3194 777 0 520480
3194 888 0 517728
3194 999 0 520480
3199 777 0 506896
3199 888 0 506896
3199 999 0 506896
3207 777 0 422848
3207 888 0 424288
3207 999 0 424288
3208 777 0 183232
3208 888 0 183232
3208 999 0 183232
3219 777 0 747520
3219 888 0 750992
3219 999 0 746832
3241 777 0 483600
3241 888 0 482224
3241 999 0 480848
3248 777 0 722816
3248 888 0 722816
3248 999 0 724944
3249 777 0 504352
3249 888 0 504352
3249 999 0 504352
3253 777 0 260160
3253 888 0 260160
3253 999 0 260160
3267 777 0 583616
3267 888 0 583616
3267 999 0 583616
3269 777 0 442096
3269 888 0 442096
3269 999 0 441424
3270 777 0 442512
3270 888 0 441136
3270 999 0 442512
3278 777 0 217120
3278 888 0 217120
3278 999 0 217120
3281 777 0 212352
3281 888 0 213056
3281 999 0 212352
3306 777 0 952960
3306 888 0 952960
3311 777 0 254032
3311 888 0 254032
3314 777 0 505120
3314 888 0 504416
3316 777 0 301072
3316 888 0 301776
3318 777 0 744880
3318 888 0 744880
3318 999 0 744880
3332 777 0 539360
3332 888 0 539360
3335 777 0 260464
3335 888 0 260464
3336 777 0 559712
3336 888 0 559024
3339 777 0 770208
3339 888 0 770208
3345 777 0 536656
3345 888 0 536656
3348 777 0 744576
3348 888 0 743200
3349 777 0 284144
3349 888 0 284144
3354 777 0 541600
3354 888 0 541600
3360 777 0 618000
3360 888 0 618000
3369 777 0 421136
3369 888 0 419760
3369 999 0 419744
3372 777 0 494320
3372 888 0 492160
3374 777 0 504160
3374 888 0 504160
3378 777 0 513632
3378 888 0 516384
3379 777 0 698592
3379 888 0 698592
3383 777 0 950304
3383 888 0 950288
3394 777 0 226960
3394 888 0 226960
3394 999 0 225536
3397 777 0 552480
3397 888 0 552480
3402 777 0 519392
3402 888 0 519392
3404 777 0 540768
3404 888 0 540768
3408 777 0 204704
3408 888 0 204720
3408 999 0 204048
3410 777 0 493408
3410 888 0 491344
3423 777 0 210496
3423 888 0 210496
3432 777 0 564176
3432 888 0 564176
3437 777 0 164688
3437 888 0 166096
3437 999 0 166096
3442 777 0 181936
3442 888 0 181936
3448 777 0 163040
3448 888 0 163040
3452 777 0 459024
3452 888 0 459024
3454 777 0 452288
3454 888 0 450144
3463 777 0 249616
3463 888 0 249616
3466 777 0 475600
3466 888 0 475600
3466 999 0 474928
3472 777 0 172864
3472 888 0 172864
3478 777 0 444528
3478 888 0 445248
3494 777 0 339488
3494 888 0 339488
3495 777 0 491312
3495 888 0 491312
3507 777 0 727824
3507 888 0 727824
3507 999 0 727824
3521 777 0 211456
3521 888 0 211456
3521 999 0 212144
3523 777 0 472960
3523 888 0 472272
3523 999 0 472256
3526 777 0 530880
3526 888 0 532304
3526 999 0 531600
3528 777 0 568416
3528 888 0 568416
3528 999 0 568416
3531 777 0 236976
3531 888 0 236256
3531 999 0 237696
3533 777 0 1021344
3533 888 0 1021344
3533 999 0 1021344
3538 777 0 787712
3538 888 0 787712
3538 999 0 787712
3546 777 0 491296
3546 888 0 491296
3546 999 0 491296
3557 777 0 710976
3557 888 0 708928
3557 999 0 707568
3562 777 0 491552
3562 888 0 491520
3562 999 0 497040
3564 777 0 178800
3564 888 0 178800
3564 999 0 178800
3567 777 0 507664
3567 888 0 507664
3567 999 0 507664
3574 777 0 284240
3574 888 0 285616
3574 999 0 284928
3603 777 0 730992
3603 888 0 730992
3603 999 0 731680
3604 777 0 693728
3604 888 0 693728
3604 999 0 693728
3606 777 0 415344
3606 888 0 415360
3606 999 0 415360
3607 777 0 993248
3607 888 0 993248
3607 999 0 993248
3609 777 0 553072
3609 888 0 553072
3609 999 0 553072
3626 777 0 500800
3626 888 0 498640
3626 999 0 502224
3639 777 0 226352
3639 888 0 227728
3639 999 0 228432
3644 777 0 281536
3644 888 0 281536
3644 999 0 281536
3662 777 0 191536
3662 888 0 190176
3663 777 0 535120
3663 888 0 535808
3663 999 0 534432
3667 777 0 764368
3667 888 0 764368
3673 777 0 455968
3673 888 0 455232
3720 777 0 434704
3720 888 0 432560
3720 999 0 431136
3722 777 0 700496
3722 888 0 701920
3722 999 0 701216
3723 777 0 278816
3723 888 0 278816
3731 777 0 1007936
3731 888 0 1009312
3731 999 0 1009296
3736 777 0 175840
3736 888 0 175120
3750 777 0 689552
3750 888 0 690256
3751 777 0 747344
3751 888 0 747344
3758 777 0 339888
3758 888 0 339888
3759 777 0 477200
3759 888 0 477200
3759 999 0 478624
3770 777 0 281920
3770 888 0 280512
3779 777 0 815504
3779 888 0 815504
3792 777 0 432528
3792 888 0 434656
3792 999 0 431136
3793 777 0 475088
3793 888 0 475088
3798 777 0 428752
3798 888 0 428752
3798 999 0 427360
3804 777 0 336672
3804 888 0 334560
3819 777 0 541504
3819 888 0 542960
3827 777 0 351296
3827 888 0 351296
3836 777 0 752176
3836 888 0 752176
3848 777 0 226080
3848 888 0 227504
3848 999 0 227504
3854 777 0 400816
3854 888 0 400816
3854 999 0 400816
3866 777 0 224000
3866 888 0 225376
3887 777 0 289840
3887 888 0 289152
3890 777 0 282000
3890 888 0 282704
3893 777 0 674368
3893 888 0 674368
3893 999 0 674368
3896 777 0 485984
3896 888 0 484608
3897 777 0 157088
3897 888 0 156368
3902 777 0 475568
3902 888 0 475568
3902 999 0 475584
3911 777 0 201264
3911 888 0 201248
3911 999 0 201264
3916 777 0 537184
3916 888 0 537184
3916 999 0 537184
3923 777 0 461120
3923 888 0 461120
3923 999 0 461120
3924 777 0 234272
3924 888 0 234272
3924 999 0 238576
3926 777 0 298944
3926 888 0 301680
3926 999 0 301008
3933 777 0 768096
3933 888 0 768096
3933 999 0 768096
3939 777 0 277280
3939 888 0 276560
3939 999 0 277280
3948 777 0 173536
3948 888 0 169936
3948 999 0 172096
3955 777 0 545952
3955 888 0 545952
3955 999 0 545952
3963 777 0 501504
3963 888 0 503584
3963 999 0 502880
3974 777 0 728960
3974 888 0 728960
3974 999 0 728960
3983 777 0 252576
3983 888 0 250496
3983 999 0 252576
4003 777 0 531488
4003 888 0 529424
4003 999 0 531488
4005 777 0 554064
4005 888 0 554064
4005 999 0 554064
4016 777 0 542544
4016 888 0 540480
4021 777 0 440864
4021 888 0 441600
4027 777 0 435520
4027 888 0 436192
4035 777 0 229600
4035 888 0 233136
4044 777 0 546336
4044 888 0 544960
4045 777 0 277104
4045 888 0 277104
4049 777 0 538192
4049 888 0 538192
4049 999 0 538192
4051 777 0 469488
4051 888 0 470896
4053 777 0 265872
4053 888 0 266560
4053 999 0 267264
4059 777 0 239792
4059 888 0 239792
4068 777 0 283472
4068 888 0 283472
4068 999 0 283472
4084 777 0 363584
4084 888 0 363584
4101 777 0 224096
4101 888 0 223392
4106 777 0 537968
4106 888 0 538656
4119 777 0 538592
4119 888 0 540640
4135 777 0 813136
4135 888 0 813136
4138 777 0 431296
4138 888 0 431296
4139 777 0 455872
4139 888 0 455872
4144 777 0 455200
4144 888 0 456560
4148 777 0 725264
4148 888 0 725264
4162 777 0 546720
4162 888 0 548880
4174 777 0 259152
4174 888 0 261312
4174 999 0 262112
4184 777 0 1208400
4184 888 0 1208400
4191 777 0 964448
4191 888 0 963760
4191 999 0 963072
4200 777 0 179088
4200 888 0 179104
4203 777 0 770128
4203 888 0 770128
4227 777 0 217392
4227 888 0 220976
4227 999 0 220256
4232 777 0 556944
4232 888 0 557616
4241 777 0 704960
4241 888 0 705680
4243 777 0 186128
4243 888 0 186128
4249 777 0 222832
4249 888 0 221408
4255 777 0 274928
4255 888 0 274928
4265 777 0 473440
4265 888 0 475504
4273 777 0 442320
4273 888 0 443040
4283 777 0 519536
4283 888 0 519536
4286 777 0 281808
4286 888 0 281808
4296 777 0 277760
4296 888 0 277072
4296 999 0 277056
4299 777 0 501872
4299 888 0 505456
4299 999 0 503312
4306 777 0 268576
4306 888 0 268576
4306 999 0 268576
4314 777 0 219872
4314 888 0 219872
4314 999 0 219872
4333 777 0 745904
4333 888 0 745904
4333 999 0 745904
4334 777 0 740256
4334 888 0 740256
4334 999 0 740256
4336 777 0 496000
4336 888 0 496000
4336 999 0 496000
4339 777 0 766800
4339 888 0 768848
4339 999 0 761984
4351 777 0 1013472
4351 888 0 1013472
4351 999 0 1013472
4352 777 0 737040
4352 888 0 737040
4352 999 0 737040
4356 777 0 479168
4356 888 0 479168
4356 999 0 479872
4375 777 0 239616
4375 888 0 238208
4375 999 0 238176
4376 777 0 707232
4376 888 0 707920
4376 999 0 711376
4385 777 0 946896
4385 888 0 946208
4385 999 0 946208
4400 777 0 446384
4400 888 0 447760
4400 999 0 445008
4402 777 0 339040
4402 888 0 339040
4402 999 0 339040
4416 777 0 675408
4416 888 0 675408
4416 999 0 675408
4420 777 0 742720
4420 888 0 742720
4420 999 0 742720
4429 777 0 488976
4429 888 0 488976
4429 999 0 487536
4443 777 0 730096
4443 888 0 730768
4443 999 0 729408
4454 777 0 1232864
4454 888 0 1232864
4476 777 0 232032
4476 888 0 233376
4484 777 0 459296
4484 888 0 459296
4484 999 0 459296
4493 777 0 173040
4493 888 0 173040
4493 999 0 173040
4512 777 0 192896
4512 888 0 192896
4513 777 0 765008
4513 888 0 765008
4519 777 0 457008
4519 888 0 456304
4519 999 0 455632
4524 777 0 190208
4524 888 0 190928
4524 999 0 189488
4526 777 0 413344
4526 888 0 413344
4526 999 0 413344
4527 777 0 234288
4527 888 0 235008
4528 777 0 276032
4528 888 0 276032
4541 777 0 742480
4541 888 0 743168
4564 777 0 517504
4564 888 0 517504
4564 999 0 516816
4574 777 0 299840
4574 888 0 299840
4581 777 0 724976
4581 888 0 724976
4592 777 0 538144
4592 888 0 538144
4592 999 0 538144
4600 777 0 460816
4600 888 0 460816
4601 777 0 818576
4601 888 0 818576
4604 777 0 1262896
4604 888 0 1262896
4605 777 0 706320
4605 888 0 706304
4620 777 0 461408
4620 888 0 462112
4622 777 0 531712
4622 888 0 531712
4624 777 0 978752
4624 888 0 978064
4626 777 0 1026608
4626 888 0 1026608
4632 777 0 336688
4632 888 0 336688
4636 777 0 336128
4636 888 0 333984
4643 777 0 214880
4643 888 0 214880
4662 777 0 757360
4662 888 0 758768
4664 777 0 767568
4664 888 0 766864
4665 777 0 486048
4665 888 0 484608
4672 777 0 818608
4672 888 0 818608
4677 777 0 527392
4677 888 0 527392
4678 777 0 754096
4678 888 0 754096
4682 777 0 555728
4682 888 0 555728
4682 999 0 556464
4685 777 0 441840
4685 888 0 440464
4685 999 0 440464
4689 777 0 556768
4689 888 0 555392
4689 999 0 558144
4692 777 0 740352
4692 888 0 740352
4692 999 0 740352
4693 777 0 1193072
4693 888 0 1193072
4693 999 0 1192400
4699 777 0 482192
4699 888 0 481504
4699 999 0 482896
4706 777 0 431792
4706 888 0 431792
4706 999 0 429632
4722 777 0 507344
4722 888 0 507344
4722 999 0 507344
4728 777 0 532912
4728 888 0 535072
4728 999 0 535056
4730 777 0 529856
4730 888 0 529856
4730 999 0 529856
4759 777 0 463824
4759 888 0 463824
4759 999 0 463824
4764 777 0 496560
4764 888 0 498640
4764 999 0 497936
4766 777 0 773376
4766 888 0 773376
4766 999 0 773376
4776 777 0 279664
4776 888 0 278960
4776 999 0 278960
4780 777 0 725136
4780 888 0 727168
4780 999 0 727168
4790 777 0 466816
4790 888 0 466816
4790 999 0 467536
4796 777 0 1218688
4796 888 0 1220784
4796 999 0 1220064
4799 777 0 174016
4799 888 0 174016
4804 777 0 481904
4804 888 0 481904
4808 777 0 727296
4808 888 0 728672
4809 777 0 498176
4809 888 0 501024
4814 777 0 717680
4814 888 0 715632
4814 999 0 714944
4821 777 0 449232
4821 888 0 449248
4821 999 0 449232
4837 777 0 776976
4837 888 0 776272
4847 777 0 546560
4847 888 0 547312
4849 777 0 507232
4849 888 0 507232
4856 777 0 617152
4856 888 0 617152
4878 777 0 491344
4878 888 0 491344
4878 999 0 491344
4889 777 0 743168
4889 888 0 741776
4892 777 0 928784
4892 888 0 930160
4897 777 0 703600
4897 888 0 703600
4912 777 0 990048
4912 888 0 990048
4913 777 0 733264
4913 888 0 733968
4928 777 0 522032
4928 888 0 522032
4928 999 0 522032
4938 777 0 464016
4938 888 0 464016
4952 777 0 724880
4952 888 0 726272
4958 777 0 470656
4958 888 0 468592
4958 999 0 469280
4961 777 0 509952
4961 888 0 507888
4967 777 0 966672
4967 888 0 966672
4969 777 0 718480
4969 888 0 718480
4971 777 0 247200
4971 888 0 246496
4971 999 0 247200
4986 777 0 989904
4986 888 0 989904
4986 999 0 989904
4998 777 0 497648
4998 888 0 494816
5015 777 0 468048
5015 888 0 468048
5021 777 0 527456
5021 888 0 528144
5027 777 0 186192
5027 888 0 186192
5039 777 0 424688
5039 888 0 424688
5039 999 0 424688
5045 777 0 446128
5045 888 0 446128
5051 777 0 245808
5051 888 0 245808
5072 777 0 492224
5072 888 0 490880
5072 999 0 493648
5080 777 0 591264
5080 888 0 591264
5080 999 0 591264
5092 777 0 753264
5092 888 0 753264
5092 999 0 753264
5099 777 0 538160
5099 888 0 538160
5099 999 0 538160
5101 777 0 719392
5101 888 0 722144
5101 999 0 721440
5106 777 0 280336
5106 888 0 280336
5106 999 0 280336
5113 777 0 711968
5113 888 0 711968
5113 999 0 711968
5122 777 0 496992
5122 888 0 496992
5122 999 0 496992
5123 777 0 169200
5123 888 0 169920
5123 999 0 169920
5126 777 0 549152
5126 888 0 549152
5126 999 0 549152
5129 777 0 710544
5129 888 0 710544
5129 999 0 710544
5134 777 0 713456
5134 888 0 714896
5134 999 0 714176
5138 777 0 714032
5138 888 0 714032
5138 999 0 714032
5155 777 0 755856
5155 888 0 755856
5155 999 0 755856
5168 777 0 466704
5168 888 0 466704
5168 999 0 466704
5173 777 0 688592
5173 888 0 689280
5173 999 0 689280
5186 777 0 558304
5186 888 0 558976
5186 999 0 557600
5194 777 0 443904
5194 888 0 443904
5194 999 0 443904
5213 777 0 708592
5213 888 0 709296
5213 999 0 708576
5214 777 0 714624
5214 888 0 714624
5214 999 0 714608
5225 777 0 766320
5225 888 0 766992
5225 999 0 769744
5228 777 0 179312
5228 888 0 178592
5228 999 0 177136
5236 777 0 938336
5236 888 0 938336
5236 999 0 938336
5241 777 0 479664
5241 888 0 479664
5241 999 0 479664
5243 777 0 218080
5243 888 0 217392
5243 999 0 220880
5245 777 0 277168
5245 888 0 281504
5245 999 0 278592
5246 777 0 207104
5246 888 0 211216
5246 999 0 206416
5254 777 0 753264
5254 888 0 753264
5254 999 0 753264
5261 777 0 224752
5261 888 0 223344
5263 777 0 518096
5263 888 0 518784
5265 777 0 329936
5265 888 0 329936
5265 999 0 329936
5268 777 0 789152
5268 888 0 789152
5279 777 0 434144
5279 888 0 434160
5286 777 0 562192
5286 888 0 562192
5291 777 0 529824
5291 888 0 529824
5292 777 0 1222992
5292 888 0 1223680
5292 999 0 1223664
5295 777 0 446800
5295 888 0 448224
5300 777 0 238336
5300 888 0 238320
5307 777 0 524224
5307 888 0 524944
5314 777 0 714416
5314 888 0 714416
5315 777 0 1244928
5315 888 0 1244928
5323 777 0 509120
5323 888 0 509824
5328 777 0 976160
5328 888 0 976160
5329 777 0 482080
5329 888 0 480704
5333 777 0 720704
5333 888 0 720704
5336 777 0 703072
5336 888 0 704496
5345 777 0 450464
5345 888 0 449024
5345 999 0 447600
5353 777 0 755200
5353 888 0 755888
5368 777 0 451696
5368 888 0 449552
5375 777 0 469376
5375 888 0 469376
5421 777 0 556944
5421 888 0 556944
5424 777 0 744992
5424 888 0 744976
5426 777 0 533904
5426 888 0 533216
5427 777 0 705376
5427 888 0 706784
5432 777 0 182720
5432 888 0 181264
5446 777 0 521120
5446 888 0 521792
5457 777 0 492960
5457 888 0 491584
5459 777 0 719744
5459 888 0 719744
5495 777 0 283520
5495 888 0 283520
5495 999 0 283520
5496 777 0 736864
5496 888 0 737536
5496 999 0 734096
5508 777 0 175168
5508 888 0 175168
5508 999 0 175168
5526 777 0 1029008
5526 888 0 1028336
5526 999 0 1029008
5539 777 0 970576
5539 888 0 969200
5539 999 0 969888
5540 777 0 720096
5540 888 0 719392
5540 999 0 718688
5555 777 0 732864
5555 888 0 732864
5555 999 0 732864
5558 777 0 483296
5558 888 0 483296
5558 999 0 483296
5559 777 0 494400
5559 888 0 494400
5559 999 0 494400
5561 777 0 284272
5561 888 0 284944
5561 999 0 285632
5569 777 0 456048
5569 888 0 456048
5569 999 0 456048
5572 777 0 736768
5572 888 0 737472
5572 999 0 736096
5590 777 0 1204160
5590 888 0 1206224
5590 999 0 1205536
5594 777 0 317648
5594 888 0 317648
5594 999 0 317648
5599 777 0 436496
5599 888 0 436496
5599 999 0 438624
5602 777 0 749456
5602 888 0 748768
5602 999 0 751520
5612 777 0 275296
5612 888 0 275296
5612 999 0 275296
5616 777 0 541776
5616 888 0 541776
5616 999 0 541776
5617 777 0 951120
5617 888 0 951136
5617 999 0 951120
5622 777 0 304240
5622 888 0 304960
5622 999 0 305664
5627 777 0 483312
5627 888 0 484704
5627 999 0 482624
5630 777 0 548480
5630 888 0 548480
5630 999 0 548480
5636 777 0 621504
5636 888 0 621504
5636 999 0 621504
5647 777 0 243984
5647 888 0 243984
5647 999 0 243984
5651 777 0 224592
5651 888 0 224608
5651 999 0 223152
5653 777 0 460864
5653 888 0 460176
5653 999 0 461568
5658 777 0 485488
5658 888 0 486864
5658 999 0 486464
5669 777 0 665552
5669 888 0 666928
5669 999 0 666928
5671 777 0 757968
5671 888 0 758672
5671 999 0 758688
5673 777 0 1228512
5673 888 0 1228512
5673 999 0 1228512
5676 777 0 940240
5676 888 0 938880
5676 999 0 940240
5678 777 0 457040
5678 888 0 457040
5678 999 0 457040
5683 777 0 462752
5683 888 0 459888
5683 999 0 462752
5691 777 0 289472
5691 888 0 289472
5691 999 0 289472
5693 777 0 508624
5693 888 0 508624
5693 999 0 508624
5701 777 0 536880
5701 888 0 536880
5701 999 0 536880
5709 777 0 682560
5709 888 0 683248
5709 999 0 684624
5714 777 0 426240
5714 888 0 425568
5714 999 0 426256
5718 777 0 774816
5718 888 0 774816
5718 999 0 774816
5721 777 0 1481600
5721 888 0 1481600
5721 999 0 1481600
5725 777 0 544992
5725 888 0 547824
5725 999 0 547088
5752 777 0 444960
5752 888 0 444960
5752 999 0 444960
5753 777 0 753600
5753 888 0 753600
5753 999 0 753600
5757 777 0 432256
5757 888 0 432256
5757 999 0 432256
5758 777 0 501744
5758 888 0 501744
5761 777 0 749616
5761 888 0 748928
5776 777 0 986064
5776 888 0 987456
5795 777 0 717456
5795 888 0 717456
5803 777 0 711776
5803 888 0 711776
5807 777 0 169728
5807 888 0 169728
5810 777 0 497792
5810 888 0 497792
5816 777 0 230144
5816 888 0 225184
5824 777 0 542560
5824 888 0 542416
5824 999 0 542416
5848 777 0 1000864
5848 888 0 1000864
5867 777 0 661408
5867 888 0 662784
5867 999 0 661408
5876 777 0 710640
5876 888 0 709952
5876 999 0 710640
5881 777 0 273072
5881 888 0 273072
5881 999 0 273072
5891 777 0 519424
5891 888 0 519424
5891 999 0 519424
5897 777 0 269056
5897 888 0 268352
5897 999 0 269072
5899 777 0 779200
5899 888 0 779200
5899 999 0 779200
5911 777 0 441024
5911 888 0 441024
5911 999 0 442448
5914 777 0 432848
5914 888 0 432848
5914 999 0 432848
5915 777 0 491248
5915 888 0 491248
5915 999 0 491248
5923 777 0 503520
5923 888 0 502080
5923 999 0 502080
5924 777 0 797056
5924 888 0 794944
5924 999 0 795632
5925 777 0 206432
5925 888 0 205056
5925 999 0 206432
5937 777 0 184192
5937 888 0 183488
5937 999 0 183488
5949 777 0 679792
5949 888 0 679104
5949 999 0 679104
5953 777 0 169856
5953 888 0 169136
5953 999 0 169856
5970 777 0 780288
5970 888 0 780288
5970 999 0 780288
5978 777 0 1006112
5978 888 0 1006112
5978 999 0 1006112
5979 777 0 772448
5979 888 0 774528
5979 999 0 771072
5982 777 0 949552
5982 888 0 949552
5982 999 0 949552
5985 777 0 732800
5985 888 0 732112
5985 999 0 732112
5986 777 0 465136
5986 888 0 465136
5986 999 0 466512
5996 777 0 193248
5996 888 0 191840
5996 999 0 193952
5997 777 0 257696
5997 888 0 259792
5997 999 0 258384
6013 777 0 798576
6013 888 0 798576
6013 999 0 798576
6014 777 0 444448
6014 888 0 444448
6014 999 0 444448
6015 777 0 736880
6015 888 0 738256
6015 999 0 738256
6020 777 0 514624
6020 888 0 514624
6020 999 0 514624
6022 777 0 1007376
6022 888 0 1010112
6022 999 0 1008736
6023 777 0 706480
6023 888 0 714288
6023 999 0 708576
6037 777 0 234944
6037 888 0 235664
6038 777 0 989728
6038 888 0 991792
6040 777 0 179680
6040 888 0 179680
6040 999 0 179680
6045 777 0 1000864
6045 888 0 1000864
6060 777 0 292304
6060 888 0 292304
6068 777 0 577600
6068 888 0 577600
6070 777 0 260752
6070 888 0 260752
6073 777 0 785792
6073 888 0 785792
6086 777 0 269008
6086 888 0 269728
6090 777 0 717584
6090 888 0 717584
6092 777 0 496768
6092 888 0 496768
6111 777 0 1225088
6111 888 0 1224400
6111 999 0 1224416
6119 777 0 771136
6119 888 0 770432
6127 777 0 448752
6127 888 0 446624
6132 777 0 323328
6132 888 0 324768
6145 777 0 320352
6145 888 0 318992
6151 777 0 273312
6151 888 0 273312
6154 777 0 1222496
6154 888 0 1222496
6158 777 0 480080
6158 888 0 480080
6158 999 0 480080
6161 777 0 180928
6161 888 0 179488
6167 777 0 483792
6167 888 0 484480
6178 777 0 487104
6178 888 0 488496
6178 999 0 488496
6188 777 0 972480
6188 888 0 972480
6188 999 0 972480
6197 777 0 469712
6197 888 0 467648
6197 999 0 471792
6200 777 0 480128
6200 888 0 480128
6200 999 0 480128
6226 777 0 162704
6226 888 0 162704
6230 777 0 1186112
6230 888 0 1186112
6241 777 0 574864
6241 888 0 574144
6241 999 0 574144
6242 777 0 433536
6242 888 0 432816
6242 999 0 433536
6245 777 0 827808
6245 888 0 827808
6245 999 0 827808
6247 777 0 249472
6247 888 0 249472
6247 999 0 249472
6260 777 0 722880
6260 888 0 723584
6260 999 0 722880
6278 777 0 281200
6278 888 0 277088
6278 999 0 279136
6279 777 0 280448
6279 888 0 281888
6279 999 0 279744
6280 777 0 260176
6280 888 0 261600
6280 999 0 260176
6285 777 0 489488
6285 888 0 491536
6285 999 0 489488
6295 777 0 208560
6295 888 0 209296
6295 999 0 208560
6300 777 0 766736
6300 888 0 766736
6300 999 0 766736
6302 777 0 717680
6302 888 0 716320
6302 999 0 714960
6306 777 0 491184
6306 888 0 491184
6306 999 0 491184
6307 777 0 769808
6307 888 0 771904
6307 999 0 771200
6313 777 0 515824
6313 888 0 517872
6313 999 0 516512
6320 777 0 431728
6320 888 0 435920
6320 999 0 434480
6333 777 0 798464
6333 888 0 798464
6333 999 0 798464
6335 777 0 521600
6335 888 0 521600
6335 999 0 521600
6347 777 0 248144
6347 888 0 247424
6347 999 0 248880
6353 777 0 320832
6353 888 0 321520
6353 999 0 320144
6374 777 0 178512
6374 888 0 179264
6374 999 0 178512
6384 777 0 721456
6384 888 0 720752
6384 999 0 722144
6385 777 0 268464
6385 888 0 268464
6385 999 0 268464
6387 777 0 717968
6387 888 0 717968
6387 999 0 717968
6390 777 0 457952
6390 888 0 460704
6390 999 0 460016
6392 777 0 502928
6392 888 0 502928
6392 999 0 502928
6393 777 0 483344
6393 888 0 481968
6393 999 0 483344
6412 777 0 538592
6412 888 0 541424
6412 999 0 538592
6419 777 0 543344
6419 888 0 543344
6419 999 0 543344
6420 777 0 1472896
6420 888 0 1472896
6420 999 0 1472896
6429 777 0 233360
6429 888 0 233360
6429 999 0 233360
6447 777 0 226176
6447 888 0 224736
6466 777 0 460160
6466 888 0 460176
6467 777 0 990816
6467 888 0 990816
6472 777 0 483984
6472 888 0 483280
6475 777 0 534384
6475 888 0 532320
6483 777 0 699040
6483 888 0 698320
6484 777 0 498880
6484 888 0 496016
6485 777 0 324000
6485 888 0 324000
6488 777 0 458576
6488 888 0 460000
6493 777 0 174960
6493 888 0 174960
6496 777 0 696368
6496 888 0 700640
6496 999 0 697088
6497 777 0 948176
6497 888 0 948864
6499 777 0 719168
6499 888 0 720544
6509 777 0 697280
6509 888 0 697968
6509 999 0 697280
6510 777 0 257232
6510 888 0 257232
6542 777 0 699232
6542 888 0 699232
6542 999 0 699232
6544 777 0 803840
6544 888 0 803840
6546 777 0 827776
6546 888 0 827776
6556 777 0 1030448
6556 888 0 1030448
6562 777 0 295696
6562 888 0 295696
6562 999 0 295696
6570 777 0 500480
6570 888 0 501200
6570 999 0 501200
6576 777 0 423344
6576 888 0 423344
6576 999 0 423344
6577 777 0 696272
6577 888 0 696272
6577 999 0 696272
6579 777 0 547920
6579 888 0 547920
6596 777 0 338016
6596 888 0 338016
6597 777 0 483040
6597 888 0 483728
6598 777 0 1004640
6598 888 0 1004640
6602 777 0 260624
6602 888 0 261312
6606 777 0 737088
6606 888 0 737088
6606 999 0 737088
6613 777 0 483664
6613 888 0 487248
6619 777 0 781344
6619 888 0 781344
6625 777 0 269984
6625 888 0 269296
6627 777 0 480848
6627 888 0 480848
6656 777 0 432608
6656 888 0 432608
6656 999 0 432608
6661 777 0 479376
6661 888 0 479376
6661 999 0 479376
6666 777 0 757344
6666 888 0 757344
6666 999 0 757344
6670 777 0 536880
6670 888 0 536880
6670 999 0 536880
6681 777 0 523600
6681 888 0 523600
6681 999 0 523600
6682 777 0 538688
6682 888 0 538688
6682 999 0 539392
6689 777 0 798480
6689 888 0 798480
6689 999 0 798480
6693 777 0 759024
6693 888 0 759696
6693 999 0 759024
6702 777 0 1029952
6702 888 0 1029952
6702 999 0 1029952
6709 777 0 701248
6709 888 0 701936
6709 999 0 701936
6717 777 0 1042480
6717 888 0 1042480
6717 999 0 1042480
6738 777 0 717856
6738 888 0 717856
6738 999 0 717136
6745 777 0 773392
6745 888 0 773392
6745 999 0 773392
6751 777 0 466640
6751 888 0 467376
6751 999 0 467376
6755 777 0 763408
6755 888 0 763408
6755 999 0 763408
6756 777 0 503744
6756 888 0 502368
6756 999 0 501680
6774 777 0 227360
6774 888 0 225936
6774 999 0 227360
6778 777 0 232752
6778 888 0 234944
6779 777 0 484224
6779 888 0 484224
6779 999 0 484224
6783 777 0 753744
6783 888 0 753744
6784 777 0 279712
6784 888 0 278992
6786 777 0 312608
6786 888 0 312608
6791 777 0 453872
6791 888 0 453872
6792 777 0 239648
6792 888 0 239648
6793 777 0 979264
6793 888 0 979264
6795 777 0 541664
6795 888 0 541664
6801 777 0 687056
6801 888 0 687072
6805 777 0 728272
6805 888 0 728272
6805 999 0 728272
6827 777 0 685536
6827 888 0 684160
6832 777 0 491664
6832 888 0 491664
6832 999 0 493792
6834 777 0 545952
6834 888 0 545952
6852 777 0 549024
6852 888 0 549024
6854 777 0 337520
6854 888 0 334768
6865 777 0 681808
6865 888 0 681808
6865 999 0 681808
6867 777 0 290976
6867 888 0 290976
6872 777 0 802880
6872 888 0 802880
6879 777 0 446848
6879 888 0 446128
6879 999 0 446848
6886 777 0 790928
6886 888 0 790208
6890 777 0 296352
6890 888 0 296336
6891 777 0 1032064
6891 888 0 1032064
6894 777 0 290272
6894 888 0 290272
6896 777 0 277408
6896 888 0 280144
6910 777 0 557840
6910 888 0 557840
6917 777 0 530864
6917 888 0 531584
6927 777 0 210176
6927 888 0 211552
6927 999 0 210880
6930 777 0 238848
6930 888 0 238848
6939 777 0 707744
6939 888 0 707744
6939 999 0 707744
6942 777 0 208224
6942 888 0 208224
6955 777 0 538624
6955 888 0 537936
6969 777 0 288272
6969 888 0 286128
6972 777 0 445200
6972 888 0 445904
6972 999 0 446624
6973 777 0 959872
6973 888 0 959872
6973 999 0 959872
6992 777 0 770128
6992 888 0 770128
6994 777 0 466512
6994 888 0 466512
7001 777 0 273296
7001 888 0 273296
7001 999 0 273296
7005 777 0 699232
7005 888 0 699232
7005 999 0 699232
7008 777 0 470288
7008 888 0 470288
7011 777 0 454576
7011 888 0 453888
7014 777 0 257152
7014 888 0 257840
7017 777 0 229184
7017 888 0 229184
7020 777 0 473392
7020 888 0 472704
7020 999 0 473392
7043 777 0 451120
7043 888 0 451120
7043 999 0 451120
7051 777 0 459360
7051 888 0 457984
7051 999 0 459360
7052 777 0 487488
7052 888 0 488928
7052 999 0 490368
7054 777 0 938528
7054 888 0 938544
7054 999 0 939232
7060 777 0 986624
7060 888 0 986624
7060 999 0 986624
7086 777 0 506160
7086 888 0 506848
7086 999 0 505472
7089 777 0 492672
7089 888 0 495552
7089 999 0 492688
7092 777 0 290384
7092 888 0 290384
7092 999 0 290384
7093 777 0 525280
7093 888 0 525280
7093 999 0 525280
7094 777 0 665840
7094 888 0 661712
7094 999 0 661712
7102 777 0 798576
7102 888 0 798576
7102 999 0 798576
7108 777 0 780336
7108 888 0 780352
7113 777 0 490112
7113 888 0 488688
7115 777 0 344672
7115 888 0 341248
7120 777 0 178496
7120 888 0 179216
7120 999 0 179952
7125 777 0 780176
7125 888 0 780176
7129 777 0 812576
7129 888 0 811200
7148 777 0 446384
7148 888 0 446384
7148 999 0 445008
7150 777 0 414720
7150 888 0 417536
7150 999 0 416096
7154 777 0 470048
7154 888 0 470048
7160 777 0 777056
7160 888 0 777056
7161 777 0 424416
7161 888 0 424416
7161 999 0 424416
7165 777 0 158432
7165 888 0 158432
7170 777 0 680560
7170 888 0 682640
7170 999 0 679872
7178 777 0 549024
7178 888 0 549024
7190 777 0 733584
7190 888 0 733584
7191 777 0 779200
7191 888 0 779200
7195 777 0 617312
7195 888 0 617312
7197 777 0 269856
7197 888 0 269152
7197 999 0 269152
7203 777 0 574336
7203 888 0 572960
7218 777 0 766672
7218 888 0 766672
7227 777 0 273600
7227 888 0 273600
7227 999 0 273600
7236 777 0 746016
7236 888 0 746736
7236 999 0 745296
7241 777 0 169360
7241 888 0 169360
7243 777 0 1246976
7243 888 0 1246976
7245 777 0 183104
7245 888 0 183104
7246 777 0 500128
7246 888 0 500128
7256 777 0 746288
7256 888 0 746288
7261 777 0 492928
7261 888 0 495792
7263 777 0 533888
7263 888 0 535040
7263 999 0 531632
7265 777 0 353840
7265 888 0 353136
7288 777 0 1228688
7288 888 0 1228688
7300 777 0 713952
7300 888 0 715312
7301 777 0 480048
7301 888 0 480048
7301 999 0 480048
7310 777 0 451568
7310 888 0 450128
7311 777 0 189104
7311 888 0 189104
7326 777 0 1006272
7326 888 0 1006032
7326 999 0 1006032
7328 777 0 244096
7328 888 0 244096
7334 777 0 167376
7334 888 0 167376
7353 777 0 1220848
7353 888 0 1219456
7364 777 0 510720
7364 888 0 510720
7364 999 0 510720
7368 777 0 412800
7368 888 0 412800
7368 999 0 412800
7374 777 0 325616
7374 888 0 327680
7377 777 0 242608
7377 888 0 242608
7380 777 0 276240
7380 888 0 275536
7388 777 0 531456
7388 888 0 531456
7390 777 0 217408
7390 888 0 217408
7404 777 0 251696
7404 888 0 251696
7404 999 0 251696
7419 777 0 971568
7419 888 0 970176
7419 999 0 969504
7429 777 0 472832
7429 888 0 475600
7429 999 0 474912
7434 777 0 227504
7434 888 0 225360
7434 999 0 226800
7442 777 0 1051632
7442 888 0 1051632
7442 999 0 1051632
7443 777 0 677280
7443 888 0 677296
7443 999 0 676608
7447 777 0 173680
7447 888 0 173680
7447 999 0 173680
7456 777 0 484720
7456 888 0 484720
7456 999 0 484720
7460 777 0 517392
7460 888 0 517392
7460 999 0 517392
7464 777 0 515456
7464 888 0 514064
7464 999 0 515456
7466 777 0 483952
7466 888 0 483952
7466 999 0 484640
7485 777 0 146064
7485 888 0 146064
7485 999 0 146064
7505 777 0 742496
7505 888 0 741072
7505 999 0 740352
7510 777 0 704752
7510 888 0 704064
7510 999 0 704752
7512 777 0 326448
7512 888 0 327168
7512 999 0 326448
7513 777 0 525280
7513 888 0 525280
7513 999 0 525280
7518 777 0 475600
7518 888 0 474160
7518 999 0 477760
7526 777 0 172816
7526 888 0 171376
7526 999 0 172816
7530 777 0 938640
7530 888 0 940016
7530 999 0 935904
7559 777 0 469664
7559 888 0 467600
7559 999 0 468976
7560 777 0 804592
7560 888 0 804592
7560 999 0 804592
7572 777 0 456560
7572 888 0 456560
7581 777 0 155248
7581 888 0 156624
7592 777 0 707984
7592 888 0 707984
7598 777 0 226752
7598 888 0 234496
7602 777 0 772608
7602 888 0 774688
7604 777 0 283216
7604 888 0 284624
7607 777 0 235360
7607 888 0 234656
7608 777 0 1021360
7608 888 0 1021360
7610 777 0 498784
7610 888 0 498784
7611 777 0 748192
7611 888 0 748192
7613 777 0 533232
7613 888 0 532512
7618 777 0 778208
7618 888 0 777520
7627 777 0 267712
7627 888 0 267696
7635 777 0 754560
7635 888 0 754560
7642 777 0 508128
7642 888 0 508128
7647 777 0 233360
7647 888 0 233360
7647 999 0 233360
7660 777 0 722928
7660 888 0 722240
7660 999 0 723616
7661 777 0 681760
7661 888 0 681760
7661 999 0 681760
7662 777 0 239472
7662 888 0 239472
7680 777 0 315760
7680 888 0 315760
7685 777 0 289808
7685 888 0 290544
7685 999 0 290528
7693 777 0 560272
7693 888 0 560960
7702 777 0 480416
7702 888 0 479712
7707 777 0 578640
7707 888 0 578640
7711 777 0 501472
7711 888 0 501472
7716 777 0 487808
7716 888 0 482096
7716 999 0 484240
7723 777 0 478048
7723 888 0 479456
7730 777 0 194160
7730 888 0 194160
7751 777 0 740672
7751 888 0 740672
7768 777 0 812048
7768 888 0 812048
7775 777 0 577536
7775 888 0 577536
7777 777 0 681968
7777 888 0 682672
7777 999 0 681984
7786 777 0 745744
7786 888 0 745744
7796 777 0 494688
7796 888 0 491888
7809 777 0 439872
7809 888 0 439872
7809 999 0 438432
7813 777 0 703312
7813 888 0 703312
7813 999 0 703312
7823 777 0 347712
7823 888 0 347712
7823 999 0 347712
7840 777 0 569536
7840 888 0 569536
7840 999 0 569536
7849 777 0 702896
7849 888 0 705744
7849 999 0 703584
7855 777 0 836352
7855 888 0 836352
7855 999 0 836352
7866 777 0 470976
7866 888 0 470976
7866 999 0 470976
7875 777 0 273168
7875 888 0 273168
7875 999 0 273856
7877 777 0 745504
7877 888 0 745504
7883 777 0 526032
7883 888 0 526048
7885 777 0 502992
7885 888 0 503696
7899 777 0 703184
7899 888 0 703184
7899 999 0 703184
7902 777 0 275904
7902 888 0 275904
7917 777 0 276320
7917 888 0 276320
7917 999 0 276320
7923 777 0 732576
7923 888 0 734016
7935 777 0 460240
7935 888 0 460928
7958 777 0 438064
7958 888 0 436624
7963 777 0 1245040
7963 888 0 1245040
7968 777 0 1026608
7968 888 0 1025872
7973 777 0 367024
7973 888 0 367024
7978 777 0 328816
7978 888 0 328816
7980 777 0 277200
7980 888 0 277200
7981 777 0 511856
7981 888 0 506496
7981 999 0 506080
7993 777 0 492160
7993 888 0 492160
7995 777 0 504176
7995 888 0 504176
7995 999 0 504176
8003 777 0 251696
8003 888 0 251696
8003 999 0 251696
8012 777 0 1208256
8012 888 0 1208256
8016 777 0 468912
8016 888 0 468912
8025 777 0 717168
8025 888 0 717168
8025 999 0 719312
8050 777 0 502800
8050 888 0 499360
8050 999 0 500736
8063 777 0 973008
8063 888 0 970848
8065 777 0 445200
8065 888 0 443744
8076 777 0 499328
8076 888 0 499328
8076 999 0 498640
8078 777 0 548320
8078 888 0 547648
8087 777 0 1000000
8087 888 0 1000000
8112 777 0 298784
8112 888 0 298784
8125 777 0 764928
8125 888 0 764928
8126 777 0 478000
8126 888 0 481552
8131 777 0 727920
8131 888 0 727920
8132 777 0 511488
8132 888 0 510800
8136 777 0 333232
8136 888 0 333232
8140 777 0 262832
8140 888 0 262848
8142 777 0 536784
8142 888 0 536784
8147 777 0 289280
8147 888 0 289280
8149 777 0 691440
8149 888 0 692800
8153 777 0 229168
8153 888 0 229168
8200 777 0 350272
8200 888 0 349552
8200 999 0 349552
8207 777 0 709536
8207 888 0 709536
8207 999 0 709536
8210 777 0 504304
8210 888 0 504304
8210 999 0 504304
8213 777 0 665456
8213 888 0 665456
8213 999 0 666816
8214 777 0 444032
8214 888 0 444032
8214 999 0 444032
8230 777 0 947504
8230 888 0 946080
8230 999 0 947504
8241 777 0 446512
8241 888 0 447952
8241 999 0 447952
8243 777 0 508240
8243 888 0 508240
8243 999 0 508240
8255 777 0 681904
8255 888 0 681904
8255 999 0 683968
8263 777 0 462032
8263 888 0 457872
8263 999 0 463472
8266 777 0 516704
8266 888 0 516704
8266 999 0 516704
8280 777 0 523984
8280 888 0 523280
8280 999 0 523280
8299 777 0 453072
8299 888 0 453776
8301 777 0 774160
8301 888 0 776224
8308 777 0 690688
8308 888 0 690688
8313 777 0 541568
8313 888 0 541568
8315 777 0 279024
8315 888 0 278320
8318 777 0 254944
8318 888 0 256320
8320 777 0 444080
8320 888 0 443376
8320 999 0 442656
8322 777 0 241824
8322 888 0 241536
8322 999 0 243184
8328 777 0 998464
8328 888 0 998464
8333 777 0 285168
8333 888 0 285168
8358 777 0 476992
8358 888 0 476288
8366 777 0 328960
8366 888 0 328960
8371 777 0 451120
8371 888 0 452480
8376 777 0 549264
8376 888 0 549264
8385 777 0 442400
8385 888 0 440240
8386 777 0 671488
8386 888 0 670816
8392 777 0 214784
8392 888 0 215488
8396 777 0 433456
8396 888 0 434176
8417 777 0 555344
8417 888 0 555344
8426 777 0 701360
8426 888 0 700672
8427 777 0 294448
8427 888 0 294448
8427 999 0 294448
8429 777 0 737808
8429 888 0 737808
8433 777 0 146048
8433 888 0 146048
8433 999 0 146048
8436 777 0 493296
8436 888 0 492608
8440 777 0 551088
8440 888 0 552512
8442 777 0 770256
8442 888 0 770256
8446 777 0 278256
8446 888 0 279664
8450 777 0 748800
8450 888 0 747424
8450 999 0 747440
8451 777 0 675984
8451 888 0 673888
8459 777 0 513936
8459 888 0 513936
8461 777 0 478912
8461 888 0 477536
8462 777 0 683664
8462 888 0 684352
8468 777 0 688928
8468 888 0 688928
8468 999 0 689632
8471 777 0 731376
8471 888 0 730688
8483 777 0 769712
8483 888 0 769712
8484 777 0 307808
8484 888 0 307808
8497 777 0 772704
8497 888 0 773392
8503 777 0 559264
8503 888 0 557120
8508 777 0 315776
8508 888 0 311648
8510 777 0 1219792
8510 888 0 1219792
8511 777 0 721776
8511 888 0 723152
8519 777 0 539760
8519 888 0 539760
8519 999 0 539760
8526 777 0 456224
8526 888 0 456224
8542 777 0 242928
8542 888 0 243648
8542 999 0 242192
8543 777 0 687968
8543 888 0 686592
8549 777 0 1047360
8549 888 0 1047360
8561 777 0 817120
8561 888 0 817120
8562 777 0 238752
8562 888 0 238752
8567 777 0 983184
8567 888 0 983184
8590 777 0 969424
8590 888 0 970800
8595 777 0 550288
8595 888 0 550288
8602 777 0 470368
8602 888 0 463488
8608 777 0 270752
8608 888 0 269392
8614 777 0 183008
8614 888 0 183008
8614 999 0 183008
8615 777 0 503056
8615 888 0 505152
8626 777 0 724448
8626 888 0 724448
8626 999 0 724448
8628 777 0 238912
8628 888 0 238912
8642 777 0 491776
8642 888 0 491776
8644 777 0 515488
8644 888 0 514816
8646 777 0 186320
8646 888 0 186320
8647 777 0 179568
8647 888 0 179584
8647 999 0 183680
8658 777 0 973264
8658 888 0 973968
8662 777 0 1051552
8662 888 0 1051552
8668 777 0 709200
8668 888 0 709904
8669 777 0 760192
8669 888 0 760192
8669 999 0 760192
8674 777 0 775600
8674 888 0 773536
8675 777 0 489424
8675 888 0 489424
8681 777 0 687536
8681 888 0 686160
8690 777 0 507280
8690 888 0 507280
8692 777 0 497168
8692 888 0 497872
8695 777 0 793584
8695 888 0 794944
8696 777 0 535952
8696 888 0 535936
8705 777 0 344576
8705 888 0 346016
8710 777 0 285840
8710 888 0 285840
8712 777 0 225216
8712 888 0 225952
8712 999 0 225952
8713 777 0 221936
8713 888 0 223376
8719 777 0 229248
8719 888 0 229904
8719 999 0 229248
8724 777 0 833024
8724 888 0 833024
8726 777 0 971792
8726 888 0 969696
8734 777 0 447744
8734 888 0 447744
8742 777 0 726288
8742 888 0 725600
8751 777 0 534304
8751 888 0 532256
8751 999 0 533616
8758 777 0 502752
8758 888 0 502752
8760 777 0 305136
8760 888 0 305136
8782 777 0 451808
8782 888 0 449664
8787 777 0 506256
8787 888 0 506256
8789 777 0 313632
8789 888 0 312944
8804 777 0 907008
8804 888 0 904944
8804 999 0 907312
8809 777 0 523920
8809 888 0 523216
8809 999 0 523216
8815 777 0 208144
8815 888 0 208144
8815 999 0 209504
8818 777 0 318064
8818 888 0 318064
8826 777 0 276496
8826 888 0 276496
8835 777 0 499376
8835 888 0 498016
8835 999 0 500048
8847 777 0 1228720
8847 888 0 1228720
8868 777 0 497552
8868 888 0 498256
8880 777 0 795760
8880 888 0 793712
8890 777 0 746016
8890 888 0 742432
8891 777 0 1232880
8891 888 0 1232880
8897 777 0 738560
8897 888 0 738560
8906 777 0 703392
8906 888 0 703392
8906 999 0 703392
8911 777 0 228160
8911 888 0 228160
8914 777 0 457296
8914 888 0 457296
8918 777 0 501056
8918 888 0 501056
8942 777 0 483568
8942 888 0 483568
8950 777 0 315456
8950 888 0 315456
8960 777 0 706512
8960 888 0 706512
8961 777 0 505632
8961 888 0 507680
8968 777 0 720976
8968 888 0 719600
8977 777 0 461696
8977 888 0 462384
8977 999 0 459632
8981 777 0 174304
8981 888 0 172864
8981 999 0 174304
8983 777 0 553696
8983 888 0 553696
8983 999 0 553696
8993 777 0 1221168
8993 888 0 1221168
8993 999 0 1221168
8996 777 0 703776
8996 888 0 703776
8996 999 0 703776
9000 777 0 962112
9000 888 0 958656
9000 999 0 962768
9006 777 0 302320
9006 888 0 302320
9006 999 0 302320
9016 777 0 946128
9016 888 0 945440
9016 999 0 944768
9025 777 0 635664
9025 888 0 635664
9029 777 0 424192
9029 888 0 424880
9031 777 0 741776
9031 888 0 741088
9032 777 0 267824
9032 888 0 267120
9043 777 0 542480
9043 888 0 542176
9043 999 0 542480
9059 777 0 832384
9059 888 0 832384
9067 777 0 511536
9067 888 0 511536
9069 777 0 546688
9069 888 0 548112
9070 777 0 926592
9070 888 0 925920
9071 777 0 266240
9071 888 0 266240
9083 777 0 503568
9083 888 0 502864
9087 777 0 475872
9087 888 0 475872
9091 777 0 743744
9091 888 0 741680
9093 777 0 210144
9093 888 0 210144
9093 999 0 211568
9097 777 0 272496
9097 888 0 275376
9097 999 0 275504
9102 777 0 187376
9102 888 0 187376
9108 777 0 755696
9108 888 0 755696
9117 777 0 504480
9117 888 0 504480
9119 777 0 280960
9119 888 0 280960
9127 777 0 444144
9127 888 0 445584
9138 777 0 781344
9138 888 0 781344
9151 777 0 447360
9151 888 0 445968
9151 999 0 445280
9152 777 0 175088
9152 888 0 175088
9153 777 0 733728
9153 888 0 733728
9158 777 0 516928
9158 888 0 516912
9163 777 0 285168
9163 888 0 285184
9169 777 0 541872
9169 888 0 541872
9175 777 0 521984
9175 888 0 521984
9175 999 0 521984
9184 777 0 740560
9184 888 0 740560
9187 777 0 477744
9187 888 0 477744
9196 777 0 487168
9196 888 0 487168
9196 999 0 487168
9202 777 0 740160
9202 888 0 740160
9202 999 0 740160
9209 777 0 719872
9209 888 0 717792
9213 777 0 975024
9213 888 0 975024
9216 777 0 746032
9216 888 0 747456
9251 777 0 764080
9251 888 0 764080
9271 777 0 488944
9271 888 0 488944
9296 777 0 206272
9296 888 0 206272
9296 999 0 206272
9318 777 0 991824
9318 888 0 991824
9329 777 0 226688
9329 888 0 226688
9329 999 0 226688
9335 777 0 583392
9335 888 0 583392
9344 777 0 243104
9344 888 0 245232
9346 777 0 518384
9346 888 0 518384
9360 777 0 574656
9360 888 0 574656
9369 777 0 489936
9369 888 0 489216
9369 999 0 489216
9383 777 0 493456
9383 888 0 493456
9384 777 0 478400
9384 888 0 478400
9384 999 0 478400
9385 777 0 577808
9385 888 0 579168
9386 777 0 337616
9386 888 0 337616
9389 777 0 740352
9389 888 0 740352
9389 999 0 740352
9400 777 0 427936
9400 888 0 426560
9419 777 0 204256
9419 888 0 204992
9431 777 0 974896
9431 888 0 974880
9432 777 0 510656
9432 888 0 511376
9481 777 0 539728
9481 888 0 539728
9482 777 0 482528
9482 888 0 484592
9494 777 0 1280736
9494 888 0 1280736
9500 777 0 292640
9500 888 0 292640
9509 777 0 441824
9509 888 0 439664
9509 999 0 440384
9516 777 0 457152
9516 888 0 459200
9516 999 0 457152
9524 777 0 956224
9524 888 0 956912
9526 777 0 706512
9526 888 0 710048
9526 999 0 712880
9537 777 0 509936
9537 888 0 509936
9549 777 0 780656
9549 888 0 780656
9565 777 0 216672
9565 888 0 218832
9565 999 0 215952
9576 777 0 436656
9576 888 0 436656
9576 999 0 436656
9583 777 0 424560
9583 888 0 424560
9583 999 0 424560
9586 777 0 1220288
9586 888 0 1220976
9592 777 0 244272
9592 888 0 244272
9594 777 0 476432
9594 888 0 476432
9597 777 0 1205408
9597 888 0 1204928
9597 999 0 1204928
9603 777 0 568496
9603 888 0 568496
9604 777 0 560480
9604 888 0 561872
9606 777 0 715200
9606 888 0 715216
9617 777 0 774720
9617 888 0 774016
9618 777 0 1263152
9618 888 0 1263152
9626 777 0 755792
9626 888 0 755792
9640 777 0 723600
9640 888 0 722912
9659 777 0 522032
9659 888 0 522032
9659 999 0 522032
9663 777 0 707248
9663 888 0 710672
9663 999 0 705856
9679 777 0 514992
9679 888 0 514992
9683 777 0 765312
9683 888 0 765312
9684 777 0 247296
9684 888 0 247296
9686 777 0 563328
9686 888 0 563328
9691 777 0 512192
9691 888 0 511520
9694 777 0 292784
9694 888 0 293472
9698 777 0 481920
9698 888 0 483280
9707 777 0 496928
9707 888 0 499072
9714 777 0 764720
9714 888 0 764720
9723 777 0 434864
9723 888 0 435584
9736 777 0 177808
9736 888 0 177808
9736 999 0 177808
9737 777 0 538432
9737 888 0 539120
9738 777 0 540096
9738 888 0 540080
9738 999 0 538720
9745 777 0 484704
9745 888 0 484704
9745 999 0 484704
9763 777 0 496320
9763 888 0 497712
9763 999 0 499824
9764 777 0 312512
9764 888 0 312512
9764 999 0 312512
9767 777 0 476448
9767 888 0 481264
9767 999 0 477808
9783 777 0 539312
9783 888 0 539312
9801 777 0 548384
9801 888 0 548384
9805 777 0 218896
9805 888 0 219616
9806 777 0 419824
9806 888 0 419120
9806 999 0 418432
9813 777 0 716368
9813 888 0 714256
9826 777 0 438816
9826 888 0 442336
9826 999 0 438144
9831 777 0 686592
9831 888 0 685216
9831 999 0 686592
9832 777 0 236096
9832 888 0 236096
9833 777 0 583472
9833 888 0 583472
9853 777 0 660000
9853 888 0 661376
9853 999 0 661376
9856 777 0 452992
9856 888 0 452992
9870 777 0 466192
9870 888 0 466192
9870 999 0 466176
9871 777 0 441328
9871 888 0 441328
9871 999 0 441328
9875 777 0 740672
9875 888 0 739984
9884 777 0 783424
9884 888 0 783424
9894 777 0 487968
9894 888 0 487968
9894 999 0 487968
9895 777 0 738272
9895 888 0 737584
9897 777 0 175200
9897 888 0 175200
9905 777 0 491504
9905 888 0 491504
9921 777 0 968272
9921 888 0 968272
9928 777 0 731936
9928 888 0 730512
9939 777 0 503984
9939 888 0 506736
9951 777 0 500192
9951 888 0 502352
9954 777 0 447152
9954 888 0 447152
9960 777 0 224512
9960 888 0 224496
9960 999 0 223824
9963 777 0 491584
9963 888 0 494448
9963 999 0 493728
9966 777 0 279488
9966 888 0 279488
9967 777 0 712368
9967 888 0 713728
9967 999 0 713056
9968 777 0 1017776
9968 888 0 1017776
9972 777 0 771056
9972 888 0 768304
9985 777 0 229248
9985 888 0 229248
9991 777 0 514176
9991 888 0 512032
10000 777 0 1009360
10000 888 0 1010048
10004 777 0 972752
10004 888 0 972752
10005 777 0 492912
10005 888 0 492912
10010 777 0 751600
10010 888 0 751600
10017 777 0 429744
10017 888 0 429040
10029 777 0 461472
10029 888 0 462176
10037 777 0 706352
10037 888 0 706352
10041 777 0 514816
10041 888 0 514816
10041 999 0 514816
10056 777 0 703504
10056 888 0 703504
10060 777 0 242256
10060 888 0 242256
10078 777 0 739728
10078 888 0 739728
10084 777 0 477760
10084 888 0 477056
10092 777 0 437648
10092 888 0 437648
10092 999 0 437648
10103 777 0 745856
10103 888 0 745856
10108 777 0 801344
10108 888 0 801344
10117 777 0 761520
10117 888 0 761520
10123 777 0 488800
10123 888 0 486672
10128 777 0 975248
10128 888 0 975248
10128 999 0 975248
10142 777 0 1016144
10142 888 0 1016144
10142 999 0 1016144
10151 777 0 454848
10151 888 0 454848
10153 777 0 577504
10153 888 0 577504
10160 777 0 444144
10160 888 0 444144
10165 777 0 1009216
10165 888 0 1009216
10202 777 0 723328
10202 888 0 723328
10213 777 0 1000640
10213 888 0 1000640
10227 777 0 408400
10227 888 0 409792
10233 777 0 798736
10233 888 0 798736
10239 777 0 962528
10239 888 0 962528
10259 777 0 219600
10259 888 0 220288
10283 777 0 220592
10283 888 0 218432
10283 999 0 219152
10290 777 0 533760
10290 888 0 533072
10294 777 0 194944
10294 888 0 194944
10305 777 0 268400
10305 888 0 269104
10305 999 0 269104
10308 777 0 733888
10308 888 0 730320
10308 999 0 731744
10311 777 0 770080
10311 888 0 770080
10318 777 0 278480
10318 888 0 279184
10318 999 0 279200
10321 777 0 1030528
10321 888 0 1030528
10324 777 0 832368
10324 888 0 832368
10331 777 0 552688
10331 888 0 552688
10340 777 0 308880
10340 888 0 308144
10340 999 0 308144
10374 777 0 276624
10374 888 0 273776
10377 777 0 502896
10377 888 0 502896
10383 777 0 731936
10383 888 0 732640
10388 777 0 763488
10388 888 0 763488
10401 777 0 454112
10401 888 0 454112
10409 777 0 746944
10409 888 0 745568
10413 777 0 496384
10413 888 0 496384
10413 999 0 496384
10418 777 0 566176
10418 888 0 566176
10426 777 0 536816
10426 888 0 536816
10428 777 0 815520
10428 888 0 813376
10434 777 0 278480
10434 888 0 278480
10443 777 0 494720
10443 888 0 494720
10450 777 0 441200
10450 888 0 440512
10459 777 0 433888
10459 888 0 436048
10461 777 0 232368
10461 888 0 235120
10461 999 0 234432
10463 777 0 963168
10463 888 0 960320
10468 777 0 715728
10468 888 0 715728
10468 999 0 715040
10470 777 0 208464
10470 888 0 209200
10471 777 0 259712
10471 888 0 259712
10475 777 0 310192
10475 888 0 310192
10475 999 0 310192
10487 777 0 245248
10487 888 0 247328
10489 777 0 500768
10489 888 0 502176
10489 999 0 500032
10496 777 0 707952
10496 888 0 708672
10501 777 0 490368
10501 888 0 490368
10504 777 0 500144
10504 888 0 501568
10528 777 0 156272
10528 888 0 156960
10532 777 0 445344
10532 888 0 443904
10532 999 0 445344
10533 777 0 724832
10533 888 0 724832
10533 999 0 721296
10534 777 0 483072
10534 888 0 483072
10534 999 0 483072
10536 777 0 440448
10536 888 0 441152
10536 999 0 439744
10541 777 0 757248
10541 888 0 757248
10541 999 0 757248
10542 777 0 489888
10542 888 0 489888
10542 999 0 489888
10544 777 0 290624
10544 888 0 289904
10544 999 0 287808
10545 777 0 964496
10545 888 0 965184
10545 999 0 963120
10547 777 0 235296
10547 888 0 235296
10547 999 0 235296
10557 777 0 553088
10557 888 0 553088
10559 777 0 372496
10559 888 0 372496
10582 777 0 442560
10582 888 0 442560
10586 777 0 235040
10586 888 0 235040
10591 777 0 282864
10591 888 0 282864
10591 999 0 282864
10592 777 0 431904
10592 888 0 431200
10592 999 0 431904
10595 777 0 499248
10595 888 0 498576
10595 999 0 498576
10598 777 0 1017856
10598 888 0 1017856
10602 777 0 438416
10602 888 0 438416
10624 777 0 484768
10624 888 0 483392
10628 777 0 714976
10628 888 0 714288
10634 777 0 382544
10634 888 0 383920
10639 777 0 488800
10639 888 0 488800
10641 777 0 761984
10641 888 0 763344
10668 777 0 323088
10668 888 0 323088
10668 999 0 323792
10673 777 0 482848
10673 888 0 482848
10680 777 0 291920
10680 888 0 291216
10683 777 0 457200
10683 888 0 457200
10685 777 0 790032
10685 888 0 790032
10699 777 0 990832
10699 888 0 992208
10704 777 0 495776
10704 888 0 492368
10707 777 0 699760
10707 888 0 699760
10707 999 0 699760
10708 777 0 423952
10708 888 0 423952
10708 999 0 423952
10722 777 0 478320
10722 888 0 478320
10722 999 0 478320
10729 777 0 746720
10729 888 0 748176
10731 777 0 466160
10731 888 0 466160
10731 999 0 466160
10737 777 0 612496
10737 888 0 612496
10757 777 0 249680
10757 888 0 249680
10769 777 0 208000
10769 888 0 210864
10769 999 0 207296
10778 777 0 563248
10778 888 0 563248
10783 777 0 509776
10783 888 0 509776
10783 999 0 509776
10787 777 0 448512
10787 888 0 448512
10795 777 0 305072
10795 888 0 305072
10796 777 0 451024
10796 888 0 449632
10797 777 0 483616
10797 888 0 483616
10798 777 0 319136
10798 888 0 319136
10800 777 0 981712
10800 888 0 981712
10801 777 0 186000
10801 888 0 186000
10805 777 0 533136
10805 888 0 533136
10810 777 0 210176
10810 888 0 210176
10813 777 0 280928
10813 888 0 280928
10815 777 0 281744
10815 888 0 281744
10817 777 0 270336
10817 888 0 271008
10818 777 0 465552
10818 888 0 466256
10818 999 0 466928
10820 777 0 474864
10820 888 0 474880
10820 999 0 475552
10822 777 0 719408
10822 888 0 719408
10823 777 0 458560
10823 888 0 457888
10825 777 0 617936
10825 888 0 617936
10826 777 0 285712
10826 888 0 283680
10826 999 0 284368
10830 777 0 177008
10830 888 0 177008
10832 777 0 479744
10832 888 0 480432
10860 777 0 551488
10860 888 0 552192
10862 777 0 985184
10862 888 0 985184
10867 777 0 182960
10867 888 0 182960
10867 999 0 182960
10870 777 0 703376
10870 888 0 703392
10872 777 0 755120
10872 888 0 755808
10874 777 0 771856
10874 888 0 771856
10876 777 0 481280
10876 888 0 481280
10876 999 0 481280
10887 777 0 484080
10887 888 0 484080
10888 777 0 173072
10888 888 0 173072
10892 777 0 215456
10892 888 0 216144
10892 999 0 216864
10905 777 0 720576
10905 888 0 721296
10912 777 0 1019792
10912 888 0 1019792
10913 777 0 720240
10913 888 0 720240
10913 999 0 720240
10914 777 0 722176
10914 888 0 722176
10928 777 0 1004688
10928 888 0 1004688
10928 999 0 1004688
10950 777 0 161312
10950 888 0 161312
10950 999 0 161312
10957 777 0 798736
10957 888 0 798736
10968 777 0 489312
10968 888 0 490736
10972 777 0 487120
10972 888 0 487120
10972 999 0 487120
10978 777 0 475840
10978 888 0 476208
10978 999 0 475840
10979 777 0 770112
10979 888 0 770112
10994 777 0 180112
10994 888 0 181568
11003 777 0 277792
11003 888 0 276416
11015 777 0 286880
11015 888 0 285472
11023 777 0 719232
11023 888 0 719232
11027 777 0 992304
11027 888 0 992304
11029 777 0 166176
11029 888 0 166176
11029 999 0 164768
11036 777 0 486384
11036 888 0 484336
11037 777 0 715072
11037 888 0 713696
11040 777 0 696336
11040 888 0 696336
11055 777 0 481264
11055 888 0 481936
11062 777 0 441440
11062 888 0 441440
11065 777 0 748224
11065 888 0 747520
11077 777 0 152832
11077 888 0 152832
11077 999 0 152832
11083 777 0 467536
11083 888 0 467536
11084 777 0 334624
11084 888 0 334624
11098 777 0 455920
11098 888 0 455920
11101 777 0 1016176
11101 888 0 1016176
11107 777 0 359152
11107 888 0 357776
11108 777 0 269536
11108 888 0 270912
11108 999 0 270224
11121 777 0 182464
11121 888 0 181744
11131 777 0 574496
11131 888 0 574496
11132 777 0 955392
11132 888 0 955392
11140 777 0 949040
11140 888 0 953136
11144 777 0 526608
11144 888 0 529360
11150 777 0 559088
11150 888 0 558416
11151 777 0 749536
11151 888 0 748832
11162 777 0 959712
11162 888 0 959712
11173 777 0 577488
11173 888 0 577488
11175 777 0 806080
11175 888 0 806080
11179 777 0 1028640
11179 888 0 1028640
11182 777 0 225120
11182 888 0 225136
11182 999 0 225840
11184 777 0 187872
11184 888 0 187872
11186 777 0 760864
11186 888 0 760864
11193 777 0 471776
11193 888 0 471776
11201 777 0 978480
11201 888 0 978480
11207 777 0 289808
11207 888 0 286944
11207 999 0 290544
11216 777 0 505264
11216 888 0 505264
11222 777 0 472784
11222 888 0 474224
11222 999 0 472784
11225 777 0 735104
11225 888 0 735104
11234 777 0 487776
11234 888 0 487776
11252 777 0 706272
11252 888 0 704208
11257 777 0 554640
11257 888 0 554656
11259 777 0 751104
11259 888 0 748800
11259 999 0 749056
11269 777 0 186816
11269 888 0 188976
11270 777 0 975872
11270 888 0 975872
11272 777 0 341920
11272 888 0 343984
11278 777 0 481264
11278 888 0 481984
11286 777 0 713664
11286 888 0 713664
11304 777 0 283520
11304 888 0 283520
11305 777 0 424528
11305 888 0 424528
11305 999 0 424528
11306 777 0 273472
11306 888 0 273472
11306 999 0 274192
11324 777 0 258320
11324 888 0 258320
11324 999 0 258320
11328 777 0 294640
11328 888 0 294640
11328 999 0 294640
11329 777 0 534032
11329 888 0 534032
11329 999 0 534032
11331 777 0 1000480
11331 888 0 1000480
11331 999 0 1000480
11334 777 0 446224
11334 888 0 445520
11334 999 0 444816
11341 777 0 553712
11341 888 0 553712
11341 999 0 553712
11346 777 0 262928
11346 888 0 260768
11346 999 0 260768
11349 777 0 500736
11349 888 0 500736
11351 777 0 950736
11351 888 0 947968
11375 777 0 463200
11375 888 0 461152
11375 999 0 461824
11379 777 0 458624
11379 888 0 458624
11385 777 0 767072
11385 888 0 767072
11386 777 0 423216
11386 888 0 422544
11386 999 0 422528
11387 777 0 294944
11387 888 0 294944
11391 777 0 281344
11391 888 0 281360
11391 999 0 277232
11399 777 0 781424
11399 888 0 781424
11400 777 0 1014240
11400 888 0 1014224
11402 777 0 310448
11402 888 0 310448
11407 777 0 252304
11407 888 0 253008
11413 777 0 146064
11413 888 0 146064
11413 999 0 146064
11423 777 0 475680
11423 888 0 475680
11423 999 0 475008
11430 777 0 213584
11430 888 0 212880
11442 777 0 494192
11442 888 0 493488
11443 777 0 719952
11443 888 0 724768
11466 777 0 258944
11466 888 0 259600
11469 777 0 450224
11469 888 0 450224
11478 777 0 716464
11478 888 0 716464
11479 777 0 181040
11479 888 0 181040
11483 777 0 532336
11483 888 0 531600
11485 777 0 981824
11485 888 0 980416
11499 777 0 523792
11499 888 0 523792
11506 777 0 993120
11506 888 0 994560
11507 777 0 220928
11507 888 0 220240
11509 777 0 546752
11509 888 0 546752
11510 777 0 468176
11510 888 0 470928
11515 777 0 447968
11515 888 0 446608
11526 777 0 512128
11526 888 0 512128
11529 777 0 298816
11529 888 0 298816
11558 777 0 435856
11558 888 0 436544
11569 777 0 924144
11569 888 0 924144
11579 777 0 746496
11579 888 0 746496
11580 777 0 501408
11580 888 0 499344
11583 777 0 460368
11583 888 0 460368
11593 777 0 293472
11593 888 0 294144
11597 777 0 703808
11597 888 0 703808
11597 999 0 703808
11604 777 0 511328
11604 888 0 511328
11607 777 0 449136
11607 888 0 450576
11607 999 0 450576
11610 777 0 286496
11610 888 0 285120
11611 777 0 488656
11611 888 0 488656
11614 777 0 971808
11614 888 0 971808
11615 777 0 570336
11615 888 0 570336
11625 777 0 246464
11625 888 0 245744
11633 777 0 486976
11633 888 0 487664
11633 999 0 486976
11641 777 0 548336
11641 888 0 548336
11654 777 0 503232
11654 888 0 503232
11666 777 0 674368
11666 888 0 674368
11666 999 0 674368
11674 777 0 813488
11674 888 0 813488
11678 777 0 490496
11678 888 0 489104
11683 777 0 506496
11683 888 0 506512
11685 777 0 769616
11685 888 0 769616
11689 777 0 436608
11689 888 0 434544
11712 777 0 955568
11712 888 0 955568
11712 999 0 955568
11727 777 0 459072
11727 888 0 459072
11727 999 0 459072
11733 777 0 712992
11733 888 0 713696
11739 777 0 550000
11739 888 0 550000
11756 777 0 246800
11756 888 0 246800
11759 777 0 475328
11759 888 0 475328
11759 999 0 475328
11760 777 0 488000
11760 888 0 488000
11766 777 0 434208
11766 888 0 434912
11766 999 0 434192
11782 777 0 778448
11782 888 0 778448
11782 999 0 778448
11789 777 0 519728
11789 888 0 519744
11801 777 0 450448
11801 888 0 447584
11807 777 0 797008
11807 888 0 797008
11810 777 0 969424
11810 888 0 969424
11843 777 0 542544
11843 888 0 542432
11843 999 0 542544
11848 777 0 717392
11848 888 0 719456
11861 777 0 694752
11861 888 0 694752
11862 777 0 429792
11862 888 0 429792
11862 999 0 431232
11865 777 0 722256
11865 888 0 722256
11877 777 0 202272
11877 888 0 202272
11877 999 0 202272
11881 777 0 458096
11881 888 0 457376
11884 777 0 522208
11884 888 0 525600
11885 777 0 730768
11885 888 0 730768
11887 777 0 794352
11887 888 0 794368
11889 777 0 285536
11889 888 0 286240
11907 777 0 766192
11907 888 0 767568
11912 777 0 499520
11912 888 0 499520
11930 777 0 231856
11930 888 0 231856
11930 999 0 231856
11939 777 0 443504
11939 888 0 443504
11951 777 0 745184
11951 888 0 745184
11968 777 0 439376
11968 888 0 441536
11968 999 0 439376
11970 777 0 682160
11970 888 0 682160
11971 777 0 769840
11971 888 0 769840
11991 777 0 237888
11991 888 0 235808
11995 777 0 514896
11995 888 0 514896
11996 777 0 488688
11996 888 0 491440
12004 777 0 476672
12004 888 0 476672
12009 777 0 414736
12009 888 0 416096
12009 999 0 417552
12011 777 0 722320
12011 888 0 722320
12011 999 0 722320
12017 777 0 980304
12017 888 0 979616
12018 777 0 421088
12018 888 0 419712
12018 999 0 419712
12019 777 0 715232
12019 888 0 715232
12042 777 0 509440
12042 888 0 510112
12043 777 0 507504
12043 888 0 509600
12050 777 0 523280
12050 888 0 521856
12053 777 0 791168
12053 888 0 791168
12053 999 0 791168
12061 777 0 701744
12061 888 0 701728
12077 777 0 538080
12077 888 0 538080
12077 999 0 538080
12090 777 0 288096
12090 888 0 288096
12090 999 0 288096
12092 777 0 748192
12092 888 0 748192
12092 999 0 748192
12094 777 0 471168
12094 888 0 471168
12094 999 0 471168
12109 777 0 490976
12109 888 0 490976
12116 777 0 287328
12116 888 0 287328
12126 777 0 430336
12126 888 0 430352
12128 777 0 771840
12128 888 0 770416
12131 777 0 691296
12131 888 0 692752
12131 999 0 687072
12136 777 0 521312
12136 888 0 523360
12138 777 0 295424
12138 888 0 292672
12142 777 0 440240
12142 888 0 441632
12142 999 0 440944
12153 777 0 446112
12153 888 0 446832
12153 999 0 446832
12155 777 0 580688
12155 888 0 579312
12156 777 0 836496
12156 888 0 836496
12158 777 0 745552
12158 888 0 744848
12162 777 0 520080
12162 888 0 520080
12168 777 0 300448
12168 888 0 302608
12170 777 0 454304
12170 888 0 459120
12170 999 0 455008
12178 777 0 697216
12178 888 0 698576
12178 999 0 697216
12183 777 0 357328
12183 888 0 360096
12184 777 0 1219680
12184 888 0 1218288
12186 777 0 518144
12186 888 0 520224
12189 777 0 477824
12189 888 0 477824
12189 999 0 477824
12196 777 0 746736
12196 888 0 746736
12207 777 0 298880
12207 888 0 299584
12207 999 0 299568
12208 777 0 175104
12208 888 0 175824
12222 777 0 755856
12222 888 0 755856
12225 777 0 254640
12225 888 0 257408
12225 999 0 256720
12228 777 0 321488
12228 888 0 321488
12235 777 0 169360
12235 888 0 169360
12236 777 0 173552
12236 888 0 172816
12236 999 0 172816
12240 777 0 747856
12240 888 0 747856
12252 777 0 484816
12252 888 0 484816
12252 999 0 484816
12257 777 0 801232
12257 888 0 801232
12269 777 0 523024
12269 888 0 523728
12275 777 0 435040
12275 888 0 434352
12280 777 0 774656
12280 888 0 774656
12280 999 0 774656
12286 777 0 149648
12286 888 0 149648
12287 777 0 761040
12287 888 0 761040
12297 777 0 238448
12297 888 0 238448
12304 777 0 319312
12304 888 0 317936
12307 777 0 448352
12307 888 0 446912
12326 777 0 717536
12326 888 0 714784
12329 777 0 501696
12329 888 0 501696
12335 777 0 538624
12335 888 0 540032
12339 777 0 487904
12339 888 0 487904
12350 777 0 530448
12350 888 0 530448
12359 777 0 495152
12359 888 0 494432
12364 777 0 443104
12364 888 0 441680
12369 777 0 490752
12369 888 0 490032
12381 777 0 564208
12381 888 0 564208
12385 777 0 461136
12385 888 0 462576
12390 777 0 266288
12390 888 0 265600
12395 777 0 453008
12395 888 0 453728
12406 777 0 489872
12406 888 0 489872
12414 777 0 1018736
12414 888 0 1018736
12420 777 0 423312
12420 888 0 423312
12420 999 0 423312
12423 777 0 963152
12423 888 0 965216
12429 777 0 672032
12429 888 0 669984
12429 999 0 674800
12433 777 0 502208
12433 888 0 502208
12435 777 0 329536
12435 888 0 330960
12457 777 0 685664
12457 888 0 685664
12462 777 0 217264
12462 888 0 217264
12462 999 0 217264
12477 777 0 1007600
12477 888 0 1007600
12480 777 0 544352
12480 888 0 544352
12480 999 0 544352
12483 777 0 980384
12483 888 0 980400
12483 999 0 984688
12487 777 0 958832
12487 888 0 958816
12487 999 0 958112
12501 777 0 1247072
12501 888 0 1247072
12504 777 0 450592
12504 888 0 449856
12515 777 0 749616
12515 888 0 749616
12523 777 0 750480
12523 888 0 750480
12525 777 0 757360
12525 888 0 757360
12549 777 0 721200
12549 888 0 720512
12554 777 0 501984
12554 888 0 506256
12557 777 0 312624
12557 888 0 312624
12575 777 0 191520
12575 888 0 191520
12595 777 0 558320
12595 888 0 558320
12596 777 0 801264
12596 888 0 801264
12603 777 0 316304
12603 888 0 316304
12607 777 0 283920
12607 888 0 283920
12609 777 0 827360
12609 888 0 827360
12613 777 0 236336
12613 888 0 236336
12616 777 0 729184
12616 888 0 727808
12625 777 0 464544
12625 888 0 463168
12625 999 0 463168
12633 777 0 704976
12633 888 0 704976
12654 777 0 676688
12654 888 0 677392
12654 999 0 676688
12664 777 0 340208
12664 888 0 340208
12669 777 0 223216
12669 888 0 223216
12680 777 0 1000000
12680 888 0 1000000
12686 777 0 414096
12686 888 0 412736
12708 777 0 485584
12708 888 0 486272
12708 999 0 486960
12709 777 0 550256
12709 888 0 550944
12710 777 0 755792
12710 888 0 755792
12716 777 0 717040
12716 888 0 717040
12717 777 0 457872
12717 888 0 458576
12717 999 0 457184
12718 777 0 740400
12718 888 0 739040
12721 777 0 173984
12721 888 0 173984
12722 777 0 235376
12722 888 0 233936
12722 999 0 233936
12732 777 0 163408
12732 888 0 163408
12732 999 0 162720
12741 777 0 700352
12741 888 0 701792
12741 999 0 701088
12750 777 0 181984
12750 888 0 181984
12756 777 0 553568
12756 888 0 553568
12759 777 0 1262288
12759 888 0 1262288
12767 777 0 501360
12767 888 0 502064
12767 999 0 503488
12770 777 0 446128
12770 888 0 446848
12770 999 0 446848
12773 777 0 435792
12773 888 0 436480
12780 777 0 555216
12780 888 0 555216
12794 777 0 988544
12794 888 0 990608
12797 777 0 759392
12797 888 0 759392
12837 777 0 695232
12837 888 0 694544
12848 777 0 1047248
12848 888 0 1047248
12849 777 0 306208
12849 888 0 304048
12860 777 0 693376
12860 888 0 693376
12860 999 0 693376
12867 777 0 513808
12867 888 0 513808
12869 777 0 229136
12869 888 0 229136
12875 777 0 496144
12875 888 0 496144
12875 999 0 496144
12876 777 0 274272
12876 888 0 274272
12876 999 0 274272
12888 777 0 938272
12888 888 0 938272
12903 777 0 204208
12903 888 0 204208
12923 777 0 707840
12923 888 0 707840
12939 777 0 960592
12939 888 0 959968
12939 999 0 960592
12943 777 0 975888
12943 888 0 977952
12950 777 0 971664
12950 888 0 972368
12952 777 0 141776
12952 888 0 141776
12952 999 0 141776
12960 777 0 240192
12960 888 0 239472
12960 999 0 240208
12972 777 0 561728
12972 888 0 561728
12978 777 0 674448
12978 888 0 674448
12978 999 0 674448
12986 777 0 499712
12986 888 0 499712
12990 777 0 481680
12990 888 0 482384
12996 777 0 236480
12996 888 0 236480
13000 777 0 244240
13000 888 0 244240
13000 999 0 244240
13001 777 0 218192
13001 888 0 220944
13006 777 0 147664
13006 888 0 147664
13006 999 0 148352
13020 777 0 417696
13020 888 0 417008
13020 999 0 417008
13021 777 0 499344
13021 888 0 496480
13023 777 0 542432
13023 888 0 542432
13023 999 0 542672
13031 777 0 460672
13031 888 0 460672
13045 777 0 970912
13045 888 0 970912
13061 777 0 278384
13061 888 0 278384
13068 777 0 1035296
13068 888 0 1035296
13072 777 0 713680
13072 888 0 715040
13072 999 0 715024
13076 777 0 487200
13076 888 0 488560
13076 999 0 488560
13082 777 0 983712
13082 888 0 984432
13106 777 0 764208
13106 888 0 764208
13107 777 0 776096
13107 888 0 774720
13117 777 0 500544
13117 888 0 500544
13117 999 0 501264
13135 777 0 218272
13135 888 0 218272
13140 777 0 462928
13140 888 0 463648
13145 777 0 484176
13145 888 0 481984
13149 777 0 520448
13149 888 0 520464
13153 777 0 415680
13153 888 0 415680
13153 999 0 415680
13158 777 0 239392
13158 888 0 239392
13162 777 0 1008016
13162 888 0 1008688
13166 777 0 969968
13166 888 0 971344
13168 777 0 423680
13168 888 0 422992
13170 777 0 180816
13170 888 0 180816
13171 777 0 582720
13171 888 0 585472
13172 777 0 279904
13172 888 0 279904
13187 777 0 178576
13187 888 0 178592
13187 999 0 179312
13188 777 0 772144
13188 888 0 772832
13198 777 0 712992
13198 888 0 712272
13205 777 0 504512
13205 888 0 504512
13208 777 0 492464
13208 888 0 491744
13214 777 0 583488
13214 888 0 583488
13218 777 0 697104
13218 888 0 696416
13221 777 0 725200
13221 888 0 723824
13223 777 0 533920
13223 888 0 531712
13223 999 0 531712
13226 777 0 765984
13226 888 0 766688
13236 777 0 699952
13236 888 0 701312
13239 777 0 790720
13239 888 0 791408
13246 777 0 266864
13246 888 0 266176
13275 777 0 538528
13275 888 0 538528
13278 777 0 217504
13278 888 0 217504
13278 999 0 217504
13287 777 0 253232
13287 888 0 253936
13287 999 0 251152
13290 777 0 289024
13290 888 0 286160
13300 777 0 764288
13300 888 0 760832
13318 777 0 985168
13318 888 0 985168
13325 777 0 963280
13325 888 0 963968
13325 999 0 963968
13330 777 0 709984
13330 888 0 709296
13330 999 0 710000
13334 777 0 173584
13334 888 0 173584
13340 777 0 489648
13340 888 0 492512
13356 777 0 1211392
13356 888 0 1211392
13360 777 0 262800
13360 888 0 262800
13365 777 0 490016
13365 888 0 490016
13370 777 0 281136
13370 888 0 275632
13370 999 0 277024
13380 777 0 451056
13380 888 0 451056
13384 777 0 482832
13384 888 0 482832
13384 999 0 482832
13391 777 0 523824
13391 888 0 523824
13397 777 0 463248
13397 888 0 462528
13398 777 0 753152
13398 888 0 753152
13398 999 0 753152
13407 777 0 476912
13407 888 0 475456
13407 999 0 476176
13413 777 0 474912
13413 888 0 474928
13413 999 0 475616
13422 777 0 767632
13422 888 0 767632
13425 777 0 718576
13425 888 0 717184
13426 777 0 827664
13426 888 0 827664
13433 777 0 289200
13433 888 0 287136
13443 777 0 692800
13443 888 0 692800
13453 777 0 548000
13453 888 0 548000
13472 777 0 276016
13472 888 0 276016
13474 777 0 760832
13474 888 0 760816
13481 777 0 540688
13481 888 0 540688
13483 777 0 463984
13483 888 0 463984
13488 777 0 546624
13488 888 0 546624
13492 777 0 542560
13492 888 0 542400
13492 999 0 542400
13511 777 0 722592
13511 888 0 722592
13527 777 0 241984
13527 888 0 241984
13527 999 0 241984
13528 777 0 989968
13528 888 0 987232
13533 777 0 230288
13533 888 0 230960
13533 999 0 231648
13534 777 0 331600
13534 888 0 331600
13535 777 0 276576
13535 888 0 278704
13539 777 0 987712
13539 888 0 987712
13556 777 0 720752
13556 888 0 720752
13559 777 0 487936
13559 888 0 486512
13568 777 0 545744
13568 888 0 545744
13589 777 0 484176
13589 888 0 484176
13589 999 0 484176
13591 777 0 814960
13591 888 0 814960
13592 777 0 512208
13592 888 0 512208
13601 777 0 488496
13601 888 0 488496
13606 777 0 757376
13606 888 0 756000
13612 777 0 231856
13612 888 0 231856
13612 999 0 231856
13618 777 0 466736
13618 888 0 466736
13618 999 0 466736
13626 777 0 725312
13626 888 0 728064
13628 777 0 452848
13628 888 0 452848
13633 777 0 145632
13633 888 0 146320
13633 999 0 146320
13636 777 0 983088
13636 888 0 983088
13659 777 0 167696
13659 888 0 167696
13659 999 0 167696
13660 777 0 798640
13660 888 0 798640
13660 999 0 798640
13666 777 0 772048
13666 888 0 772048
13666 999 0 772048
13671 777 0 544720
13671 888 0 544032
13671 999 0 544720
13679 777 0 486800
13679 888 0 486800
13679 999 0 483200
13699 777 0 140464
13699 888 0 140464
13699 999 0 140464
13701 777 0 211584
13701 888 0 211584
13701 999 0 210160
13704 777 0 533008
13704 888 0 535872
13704 999 0 535152
13705 777 0 302336
13705 888 0 302352
13705 999 0 302336
13709 777 0 293072
13709 888 0 293072
13709 999 0 293072
13711 777 0 238304
13711 888 0 238304
13711 999 0 237616
13727 777 0 791280
13727 888 0 792720
13727 999 0 789856
13729 777 0 661744
13729 888 0 661744
13729 999 0 661056
13731 777 0 703440
13731 888 0 703440
13731 999 0 703440
13732 777 0 530624
13732 888 0 530624
13732 999 0 530624
13733 777 0 510864
13733 888 0 514256
13733 999 0 511536
13760 777 0 242096
13760 888 0 242096
13760 999 0 242096
13765 777 0 560400
13765 888 0 559712
13765 999 0 560400
13774 777 0 420304
13774 888 0 420304
13774 999 0 420304
13777 777 0 1225120
13777 888 0 1225120
13777 999 0 1224400
13781 777 0 583600
13781 888 0 583600
13781 999 0 583600
13793 777 0 217792
13793 888 0 217792
13793 999 0 217792
13809 777 0 1007632
13809 888 0 1007632
13809 999 0 1007632
13812 777 0 765632
13812 888 0 764928
13812 999 0 764256
13818 777 0 788816
13818 888 0 790208
13818 999 0 790928
13825 777 0 789552
13825 888 0 789552
13825 999 0 789552
13830 777 0 781360
13830 888 0 781360
13830 999 0 781360
13839 777 0 326400
13839 888 0 326400
13839 999 0 326400
13842 777 0 549088
13842 888 0 549088
13842 999 0 549088
13844 777 0 528848
13844 888 0 528128
13844 999 0 529568
13854 777 0 466144
13854 888 0 465456
13854 999 0 467536
13867 777 0 690560
13867 888 0 690560
13867 999 0 690560
13869 777 0 561504
13869 888 0 562192
13869 999 0 564256
13870 777 0 517424
13870 888 0 517424
13870 999 0 517424
13871 777 0 407024
13871 888 0 407024
13871 999 0 407024
13875 777 0 311872
13875 888 0 311888
13875 999 0 311200
13879 777 0 807712
13879 888 0 807712
13879 999 0 808400
13882 777 0 495440
13882 888 0 495440
13882 999 0 495440
13890 777 0 1257872
13890 888 0 1257872
13890 999 0 1257872
13909 777 0 317952
13909 888 0 319376
13909 999 0 317232
13933 777 0 735680
13933 888 0 736384
13933 999 0 736384
13938 777 0 495472
13938 888 0 495472
13938 999 0 495472
13939 777 0 588736
13939 888 0 588736
13939 999 0 588736
13951 777 0 694672
13951 888 0 697440
13951 999 0 696752
13962 777 0 510048
13962 888 0 510048
13962 999 0 510048
13973 777 0 221008
13973 888 0 221008
13973 999 0 220288
13974 777 0 713008
13974 888 0 713008
13974 999 0 713008
13981 777 0 1164864
13981 888 0 1165552
14002 777 0 600496
14002 888 0 600496
14006 777 0 435904
14006 888 0 435904
14006 999 0 435904
14013 777 0 483568
14013 888 0 483568
14020 777 0 537088
14020 888 0 537088
14021 777 0 253984
14021 888 0 253984
14027 777 0 705024
14027 888 0 707152
14033 777 0 182928
14033 888 0 181504
14033 999 0 181504
14048 777 0 506848
14048 888 0 506160
14048 999 0 506848
14051 777 0 752032
14051 888 0 752032
14051 999 0 752032
14052 777 0 540640
14052 888 0 540640
14052 999 0 540640
14054 777 0 517744
14054 888 0 517744
14054 999 0 517744
14062 777 0 561856
14062 888 0 561840
14062 999 0 563280
14069 777 0 583728
14069 888 0 583728
14069 999 0 583728
14073 777 0 710656
14073 888 0 711376
14073 999 0 711376
14080 777 0 279936
14080 888 0 277776
14080 999 0 278496
14094 777 0 233936
14094 888 0 233936
14094 999 0 233936
14101 777 0 425216
14101 888 0 425216
14101 999 0 425216
14104 777 0 227120
14104 888 0 229248
14104 999 0 228544
14111 777 0 245920
14111 888 0 247296
14111 999 0 247296
14113 777 0 459008
14113 888 0 459008
14113 999 0 460384
14119 777 0 317184
14119 888 0 317184
14119 999 0 315072
14121 777 0 250352
14121 888 0 251808
14121 999 0 250352
14139 777 0 949920
14139 888 0 951296
14139 999 0 952672
14148 777 0 804320
14148 888 0 804320
14148 999 0 804320
14149 777 0 791120
14149 888 0 791120
14149 999 0 791120
14163 777 0 201056
14163 888 0 201056
14163 999 0 201056
14164 777 0 797552
14164 888 0 797552
14164 999 0 797552
14165 777 0 517088
14165 888 0 517776
14165 999 0 515712
14169 777 0 248224
14169 888 0 248240
14169 999 0 246096
14196 777 0 767952
14196 888 0 767952
14196 999 0 767952
14220 777 0 466912
14220 888 0 466208
14220 999 0 466208
14227 777 0 692000
14227 888 0 691328
14227 999 0 692000
14231 777 0 191488
14231 888 0 188608
14239 777 0 781360
14239 888 0 781360
14241 777 0 697856
14241 888 0 697856
14248 777 0 464512
14248 888 0 461760
14248 999 0 463152
14253 777 0 584720
14253 888 0 582656
14256 777 0 449728
14256 888 0 449728
14262 777 0 487280
14262 888 0 487280
14275 777 0 804768
14275 888 0 804768
14307 777 0 706016
14307 888 0 703184
14308 777 0 574192
14308 888 0 573488
14312 777 0 816992
14312 888 0 816992
14322 777 0 499648
14322 888 0 498944
14338 777 0 747984
14338 888 0 747984
14343 777 0 747984
14343 888 0 747984
14348 777 0 221888
14348 888 0 221888
14348 999 0 221888
14349 777 0 959776
14349 888 0 961824
14357 777 0 501232
14357 888 0 501232
14358 777 0 229504
14358 888 0 230960
14373 777 0 494304
14373 888 0 492256
14373 999 0 495696
14379 777 0 298928
14379 888 0 298928
14384 777 0 725744
14384 888 0 725744
14384 999 0 725744
14390 777 0 275760
14390 888 0 275760
14391 777 0 725024
14391 888 0 724336
14393 777 0 469232
14393 888 0 469232
14393 999 0 467856
14396 777 0 540688
14396 888 0 540688
14400 777 0 507280
14400 888 0 507280
14415 777 0 488736
14415 888 0 488736
14415 999 0 488736
14417 777 0 621536
14417 888 0 621536
14421 777 0 432256
14421 888 0 432256
14421 999 0 432256
14433 777 0 530128
14433 888 0 530128
14433 999 0 530128
14434 777 0 1248624
14434 888 0 1248624
14434 999 0 1248624
14435 777 0 768064
14435 888 0 768064
14435 999 0 768064
14436 777 0 471456
14436 888 0 470096
14436 999 0 470096
14477 777 0 499456
14477 888 0 499456
14477 999 0 499456
14481 777 0 803552
14481 888 0 803552
14481 999 0 803552
14490 777 0 501696
14490 888 0 501696
14490 999 0 501696
14493 777 0 1245456
14493 888 0 1245456
14493 999 0 1245456
14497 777 0 722320
14497 888 0 722320
14497 999 0 722320
14498 777 0 163728
14498 888 0 163728
14498 999 0 163728
14500 777 0 237936
14500 888 0 235792
14500 999 0 234368
14511 777 0 482288
14511 888 0 482288
14511 999 0 482976
14515 777 0 446144
14515 888 0 446160
14515 999 0 446864
14520 777 0 472336
14520 888 0 469600
14520 999 0 480576
14530 777 0 444224
14530 888 0 444224
14530 999 0 444224
14540 777 0 466048
14540 888 0 465344
14573 777 0 1214816
14573 888 0 1214816
14584 777 0 478544
14584 888 0 477120
14587 777 0 244176
14587 888 0 244880
14593 777 0 428528
14593 888 0 431392
14597 777 0 163488
14597 888 0 162768
14597 999 0 162768
14600 777 0 470528
14600 888 0 470528
14600 999 0 470528
14602 777 0 802816
14602 888 0 802816
14612 777 0 432256
14612 888 0 432256
14612 999 0 432256
14617 777 0 508032
14617 888 0 508032
14618 777 0 504224
14618 888 0 504944
14648 777 0 709536
14648 888 0 697840
14648 999 0 697840
14651 777 0 1033552
14651 888 0 1033552
14652 777 0 500736
14652 888 0 502176
14652 999 0 498608
